# name: debug
# type: sparse matrix
# nnz: 3582
# rows: 360
# columns: 360

1 1 1200
2 1 -8.52651283e-14
3 1 -211.88779
4 1 -500
5 1 2.84217094e-14
6 1 0
241 1 -700
242 1 5.68434189e-14
243 1 0
1 2 -8.52651283e-14
2 2 1200
3 2 -441.586243
4 2 -2.84217094e-14
5 2 -500
6 2 0
241 2 -5.68434189e-14
242 2 -700
243 2 0
1 3 -211.88779
2 3 -441.586243
3 3 1977.54108
4 3 -97.9037179
5 3 -181.803782
6 3 -500
241 3 309.791508
242 3 623.390025
243 3 -700
1 4 -500
2 4 -2.84217094e-14
3 4 -97.9037179
4 4 1000
5 4 0
6 4 100.605481
7 4 -500
8 4 -2.84217094e-14
9 4 0
1 5 2.84217094e-14
2 5 -500
3 5 -181.803782
4 5 0
5 5 1000
6 5 180.42422
7 5 2.84217094e-14
8 5 -500
9 5 0
1 6 0
2 6 0
3 6 -500
4 6 100.605481
5 6 180.42422
6 6 1085.34872
7 6 -100.605481
8 6 -180.42422
9 6 -500
4 7 -500
5 7 2.84217094e-14
6 7 -100.605481
7 7 1700
8 7 -5.68434189e-14
9 7 -93.9444752
10 7 -500
11 7 2.84217094e-14
12 7 0
247 7 -700
248 7 5.68434189e-14
249 7 0
4 8 -2.84217094e-14
5 8 -500
6 8 -180.42422
7 8 -5.68434189e-14
8 8 1700
9 8 -353.47194
10 8 -2.84217094e-14
11 8 -500
12 8 0
247 8 -5.68434189e-14
248 8 -700
249 8 0
4 9 0
5 9 0
6 9 -500
7 9 -93.9444752
8 9 -353.47194
9 9 2203.45558
10 9 -82.9851796
11 9 -168.017884
12 9 -500
247 9 176.929655
248 9 521.489824
249 9 -700
7 10 -500
8 10 -2.84217094e-14
9 10 -82.9851796
10 10 1000
11 10 -5.68434189e-14
12 10 62.9192078
13 10 -500
14 10 2.84217094e-14
15 10 0
7 11 2.84217094e-14
8 11 -500
9 11 -168.017884
10 11 -5.68434189e-14
11 11 1000
12 11 180.776397
13 11 -2.84217094e-14
14 11 -500
15 11 0
7 12 0
8 12 0
9 12 -500
10 12 62.9192078
11 12 180.776397
12 12 1073.27786
13 12 -62.9192078
14 12 -180.776397
15 12 -500
10 13 -500
11 13 -2.84217094e-14
12 13 -62.9192078
13 13 1700
14 13 -2.84217094e-14
15 13 -94.9459902
16 13 -500
17 13 0
18 13 0
253 13 -700
254 13 0
255 13 0
10 14 2.84217094e-14
11 14 -500
12 14 -180.776397
13 14 -2.84217094e-14
14 14 1700
15 14 -166.024573
16 14 0
17 14 -500
18 14 0
253 14 0
254 14 -700
255 14 0
10 15 0
11 15 0
12 15 -500
13 15 -94.9459902
14 15 -166.024573
15 15 2123.35367
16 15 -66.5344826
17 15 -252.274856
18 15 -500
253 15 161.480473
254 15 418.299429
255 15 -700
13 16 -500
14 16 0
15 16 -66.5344826
16 16 1000
17 16 -2.84217094e-14
18 16 -26.3844274
19 16 -500
20 16 2.84217094e-14
21 16 0
13 17 0
14 17 -500
15 17 -252.274856
16 17 -2.84217094e-14
17 17 1000
18 17 292.598495
19 17 -2.84217094e-14
20 17 -500
21 17 0
13 18 0
14 18 0
15 18 -500
16 18 -26.3844274
17 18 292.598495
18 18 1172.62003
19 18 26.3844274
20 18 -292.598495
21 18 -500
16 19 -500
17 19 -2.84217094e-14
18 19 26.3844274
19 19 1700
20 19 -4.26325641e-14
21 19 12.55392
22 19 -500
23 19 1.42108547e-14
24 19 0
259 19 -700
260 19 0
261 19 0
16 20 2.84217094e-14
17 20 -500
18 20 -292.598495
19 20 -4.26325641e-14
20 20 1700
21 20 -132.368543
22 20 -1.42108547e-14
23 20 -500
24 20 0
259 20 0
260 20 -700
261 20 0
16 21 0
17 21 0
18 21 -500
19 21 12.55392
20 21 -132.368543
21 21 2022.51561
22 21 -41.9442121
23 21 -242.205134
24 21 -500
259 21 29.3902921
260 21 374.573677
261 21 -700
19 22 -500
20 22 -1.42108547e-14
21 22 -41.9442121
22 22 1000
23 22 -1.42108547e-14
24 22 17.4729694
25 22 -500
26 22 0
27 22 0
19 23 1.42108547e-14
20 23 -500
21 23 -242.205134
22 23 -1.42108547e-14
23 23 1000
24 23 222.026127
25 23 0
26 23 -500
27 23 0
19 24 0
20 24 0
21 24 -500
22 24 17.4729694
23 24 222.026127
24 24 1099.20181
25 24 -17.4729694
26 24 -222.026127
27 24 -500
22 25 -500
23 25 0
24 25 -17.4729694
25 25 1700
26 25 0
27 25 61.9979819
28 25 -500
29 25 0
30 25 0
265 25 -700
266 25 0
267 25 0
22 26 0
23 26 -500
24 26 -222.026127
25 26 0
26 26 1700
27 26 61.9965756
28 26 0
29 26 -500
30 26 0
265 26 0
266 26 -700
267 26 0
22 27 0
23 27 0
24 27 -500
25 27 61.9979819
26 27 61.9965756
27 27 1875.99986
28 27 -28.5910299
29 27 -248.221738
30 27 -500
265 27 -33.406952
266 27 186.225162
267 27 -700
25 28 -500
26 28 0
27 28 -28.5910299
28 28 1000
29 28 0
30 28 -51.45038
31 28 -500
32 28 0
33 28 0
25 29 0
26 29 -500
27 29 -248.221738
28 29 0
29 29 1000
30 29 228.959174
31 29 0
32 29 -500
33 29 0
25 30 0
26 30 0
27 30 -500
28 30 -51.45038
29 30 228.959174
30 30 1110.13889
31 30 51.45038
32 30 -228.959174
33 30 -500
28 31 -500
29 31 0
30 31 51.45038
31 31 1700
32 31 0
33 31 196.550254
34 31 -500
35 31 0
36 31 0
271 31 -700
272 31 0
273 31 0
28 32 0
29 32 -500
30 32 -228.959174
31 32 0
32 32 1700
33 32 265.56243
34 32 0
35 32 -500
36 32 0
271 32 0
272 32 -700
273 32 0
28 33 0
29 33 0
30 33 -500
31 33 196.550254
32 33 265.56243
33 33 1834.89822
34 33 -38.5065518
35 33 -215.206493
36 33 -500
271 33 -158.043702
272 33 -50.3559368
273 33 -700
31 34 -500
32 34 0
33 34 -38.5065518
34 34 1000
35 34 0
36 34 -7.97354909
37 34 -500
38 34 0
39 34 0
31 35 0
32 35 -500
33 35 -215.206493
34 35 0
35 35 1000
36 35 233.304192
37 35 0
38 35 -500
39 35 0
31 36 0
32 36 0
33 36 -500
34 36 -7.97354909
35 36 233.304192
36 36 1108.98885
37 36 7.97354909
38 36 -233.304192
39 36 -500
34 37 -500
35 37 0
36 37 7.97354909
37 37 1700
38 37 0
39 37 264.925065
40 37 -500
41 37 0
42 37 0
277 37 -700
278 37 0
279 37 0
34 38 0
35 38 -500
36 38 -233.304192
37 38 0
38 38 1700
39 38 433.310999
40 38 0
41 38 -500
42 38 0
277 38 0
278 38 -700
279 38 0
34 39 0
35 39 0
36 39 -500
37 39 264.925065
38 39 433.310999
39 39 1960.71388
40 39 -110.936124
41 39 -296.073704
42 39 -500
277 39 -153.988941
278 39 -137.237294
279 39 -700
37 40 -500
38 40 0
39 40 -110.936124
40 40 1000
41 40 0
42 40 -61.7148892
43 40 -500
44 40 0
45 40 0
37 41 0
38 41 -500
39 41 -296.073704
40 41 0
41 41 1000
42 41 188.519791
43 41 0
44 41 -500
45 41 0
37 42 0
38 42 0
39 42 -500
40 42 -61.7148892
41 42 188.519791
42 42 1078.69688
43 42 61.7148892
44 42 -188.519791
45 42 -500
40 43 -500
41 43 0
42 43 61.7148892
43 43 1700
44 43 3.55271368e-15
45 43 75.1249703
46 43 -500
47 43 -3.55271368e-15
48 43 0
283 43 -700
284 43 0
285 43 0
40 44 0
41 44 -500
42 44 -188.519791
43 44 3.55271368e-15
44 44 1700
45 44 419.727951
46 44 3.55271368e-15
47 44 -500
48 44 0
283 44 0
284 44 -700
285 44 0
40 45 0
41 45 0
42 45 -500
43 45 75.1249703
44 45 419.727951
45 45 1869.62153
46 45 12.2646454
47 45 -233.055923
48 45 -500
283 45 -87.3896157
284 45 -186.672027
285 45 -700
43 46 -500
44 46 3.55271368e-15
45 46 12.2646454
46 46 1000
47 46 -1.0658141e-14
48 46 28.3081306
49 46 -500
50 46 1.42108547e-14
51 46 0
43 47 -3.55271368e-15
44 47 -500
45 47 -233.055923
46 47 -1.0658141e-14
47 47 1000
48 47 137.291238
49 47 -1.42108547e-14
50 47 -500
51 47 0
43 48 0
44 48 0
45 48 -500
46 48 28.3081306
47 48 137.291238
48 48 1039.30047
49 48 -28.3081306
50 48 -137.291238
51 48 -500
46 49 -500
47 49 -1.42108547e-14
48 49 -28.3081306
49 49 1700
50 49 1.42108547e-14
51 49 -142.679321
52 49 -500
53 49 0
54 49 0
289 49 -700
290 49 -2.84217094e-14
291 49 0
46 50 1.42108547e-14
47 50 -500
48 50 -137.291238
49 50 1.42108547e-14
50 50 1700
51 50 725.297942
52 50 0
53 50 -500
54 50 0
289 50 2.84217094e-14
290 50 -700
291 50 0
46 51 0
47 51 0
48 51 -500
49 51 -142.679321
50 51 725.297942
51 51 2183.62141
52 51 128.134101
53 51 -242.796869
54 51 -500
289 51 14.54522
290 51 -482.501073
291 51 -700
49 52 -500
50 52 0
51 52 128.134101
52 52 1000
53 52 -2.84217094e-14
54 52 -7.1161017
55 52 -500
56 52 2.84217094e-14
57 52 0
49 53 0
50 53 -500
51 53 -242.796869
52 53 -2.84217094e-14
53 53 1000
54 53 207.782215
55 53 -2.84217094e-14
56 53 -500
57 53 0
49 54 0
50 54 0
51 54 -500
52 54 -7.1161017
53 54 207.782215
54 54 1086.44818
55 54 7.1161017
56 54 -207.782215
57 54 -500
52 55 -500
53 55 -2.84217094e-14
54 55 7.1161017
55 55 1700
56 55 -5.68434189e-14
57 55 -310.300675
58 55 -500
59 55 2.84217094e-14
60 55 0
295 55 -700
296 55 0
297 55 0
52 56 2.84217094e-14
53 56 -500
54 56 -207.782215
55 56 -5.68434189e-14
56 56 1700
57 56 908.867461
58 56 -2.84217094e-14
59 56 -500
60 56 0
295 56 0
296 56 -700
297 56 0
52 57 0
53 57 0
54 57 -500
55 57 -310.300675
56 57 908.867461
57 57 2750.86784
58 57 120.599948
59 57 -91.900474
60 57 -500
295 57 189.700726
296 57 -816.966987
297 57 -700
55 58 -500
