9.999999987604955010e-01 4.978964697942850083e-05 0.000000000000000000e+00 -8.000000000000000000e+00 -4.978964697942850083e-05 9.999999987604955010e-01 0.000000000000000000e+00 5.000000000000000000e+00 0.000000000000000000e+00 0.000000000000000000e+00 1.000000000000000000e+00 0.000000000000000000e+00
9.972697949777666881e-01 -7.384413331472755582e-02 0.000000000000000000e+00 -8.010657999999999390e+00 7.384413331472755582e-02 9.972697949777666881e-01 0.000000000000000000e+00 4.603821800000000408e+00 0.000000000000000000e+00 0.000000000000000000e+00 1.000000000000000000e+00 0.000000000000000000e+00
9.886423713472097807e-01 -1.502872635221156605e-01 0.000000000000000000e+00 -7.988064299999999562e+00 1.502872635221156605e-01 9.886423713472097807e-01 0.000000000000000000e+00 4.208872300000000344e+00 0.000000000000000000e+00 0.000000000000000000e+00 1.000000000000000000e+00 0.000000000000000000e+00
9.623199498812810004e-01 -2.719196831060393671e-01 0.000000000000000000e+00 -7.900648600000000243e+00 2.719196831060393671e-01 9.623199498812810004e-01 0.000000000000000000e+00 3.876171799999999834e+00 0.000000000000000000e+00 0.000000000000000000e+00 1.000000000000000000e+00 0.000000000000000000e+00
9.295425940870769566e-01 -3.687147485223064569e-01 0.000000000000000000e+00 -7.758498000000000339e+00 3.687147485223064569e-01 9.295425940870769566e-01 0.000000000000000000e+00 3.555316200000000038e+00 0.000000000000000000e+00 0.000000000000000000e+00 1.000000000000000000e+00 0.000000000000000000e+00
8.559952372490341466e-01 -5.169837074869668703e-01 0.000000000000000000e+00 -7.578954699999999711e+00 5.169837074869668703e-01 8.559952372490341466e-01 0.000000000000000000e+00 3.090927600000000108e+00 0.000000000000000000e+00 0.000000000000000000e+00 1.000000000000000000e+00 0.000000000000000000e+00
8.758546628038460513e-01 -4.825749782621982509e-01 0.000000000000000000e+00 -7.159217400000000175e+00 4.825749782621982509e-01 8.758546628038460513e-01 0.000000000000000000e+00 2.713587500000000041e+00 0.000000000000000000e+00 0.000000000000000000e+00 1.000000000000000000e+00 0.000000000000000000e+00
8.665794088432543507e-01 -4.990392050419242831e-01 0.000000000000000000e+00 -6.909422400000000408e+00 4.990392050419242831e-01 8.665794088432543507e-01 0.000000000000000000e+00 2.308822999999999848e+00 0.000000000000000000e+00 0.000000000000000000e+00 1.000000000000000000e+00 0.000000000000000000e+00
7.797357323644936722e-01 -6.261087666484207448e-01 0.000000000000000000e+00 -6.651837300000000397e+00 6.261087666484207448e-01 7.797357323644936722e-01 0.000000000000000000e+00 1.970357300000000089e+00 0.000000000000000000e+00 0.000000000000000000e+00 1.000000000000000000e+00 0.000000000000000000e+00
7.098528186341138690e-01 -7.043500378911069504e-01 0.000000000000000000e+00 -6.361171699999999873e+00 7.043500378911069504e-01 7.098528186341138690e-01 0.000000000000000000e+00 1.570661400000000096e+00 0.000000000000000000e+00 0.000000000000000000e+00 1.000000000000000000e+00 0.000000000000000000e+00
6.735911080589589428e-01 -7.391042004642537355e-01 0.000000000000000000e+00 -5.962874399999999575e+00 7.391042004642537355e-01 6.735911080589589428e-01 0.000000000000000000e+00 1.335684899999999953e+00 0.000000000000000000e+00 0.000000000000000000e+00 1.000000000000000000e+00 0.000000000000000000e+00
7.688708475324516067e-01 -6.394041130730467870e-01 0.000000000000000000e+00 -5.719809999999999839e+00 6.394041130730467870e-01 7.688708475324516067e-01 0.000000000000000000e+00 1.015170499999999976e+00 0.000000000000000000e+00 0.000000000000000000e+00 1.000000000000000000e+00 0.000000000000000000e+00
7.457405725303982713e-01 -6.662364433757986815e-01 0.000000000000000000e+00 -5.378961600000000232e+00 6.662364433757986815e-01 7.457405725303982713e-01 0.000000000000000000e+00 7.410124000000000155e-01 0.000000000000000000e+00 0.000000000000000000e+00 1.000000000000000000e+00 0.000000000000000000e+00
7.002037380114317644e-01 -7.139430826577271016e-01 0.000000000000000000e+00 -5.114495800000000258e+00 7.139430826577271016e-01 7.002037380114317644e-01 0.000000000000000000e+00 2.084136500000000058e-01 0.000000000000000000e+00 0.000000000000000000e+00 1.000000000000000000e+00 0.000000000000000000e+00
5.488692340435207262e-01 -8.359082269726019199e-01 0.000000000000000000e+00 -4.777361400000000202e+00 8.359082269726019199e-01 5.488692340435207262e-01 0.000000000000000000e+00 8.500494000000000105e-02 0.000000000000000000e+00 0.000000000000000000e+00 1.000000000000000000e+00 0.000000000000000000e+00
5.461696589537660129e-01 -8.376745809909280638e-01 0.000000000000000000e+00 -4.369818999999999676e+00 8.376745809909280638e-01 5.461696589537660129e-01 0.000000000000000000e+00 -2.031461699999999870e-01 0.000000000000000000e+00 0.000000000000000000e+00 1.000000000000000000e+00 0.000000000000000000e+00
4.416363658102774870e-01 -8.971941375164522725e-01 0.000000000000000000e+00 -4.180118600000000129e+00 8.971941375164522725e-01 4.416363658102774870e-01 0.000000000000000000e+00 -4.341474200000000061e-01 0.000000000000000000e+00 0.000000000000000000e+00 1.000000000000000000e+00 0.000000000000000000e+00
4.154453295121660616e-01 -9.096181496576064562e-01 0.000000000000000000e+00 -3.595021500000000092e+00 9.096181496576064562e-01 4.154453295121660616e-01 0.000000000000000000e+00 -6.080969000000000513e-01 0.000000000000000000e+00 0.000000000000000000e+00 1.000000000000000000e+00 0.000000000000000000e+00
4.775061984302036988e-01 -8.786283801817096339e-01 0.000000000000000000e+00 -3.238875999999999866e+00 8.786283801817096339e-01 4.775061984302036988e-01 0.000000000000000000e+00 -9.066222299999999734e-01 0.000000000000000000e+00 0.000000000000000000e+00 1.000000000000000000e+00 0.000000000000000000e+00
4.661709609865476445e-01 -8.846946564396547252e-01 0.000000000000000000e+00 -2.879862000000000144e+00 8.846946564396547252e-01 4.661709609865476445e-01 0.000000000000000000e+00 -8.982179999999999609e-01 0.000000000000000000e+00 0.000000000000000000e+00 1.000000000000000000e+00 0.000000000000000000e+00
3.411189867815883070e-01 -9.400201257723701520e-01 0.000000000000000000e+00 -2.956622400000000095e+00 9.400201257723701520e-01 3.411189867815883070e-01 0.000000000000000000e+00 -1.018224400000000029e+00 0.000000000000000000e+00 0.000000000000000000e+00 1.000000000000000000e+00 0.000000000000000000e+00
2.307322062046437139e-01 -9.730172912235104388e-01 0.000000000000000000e+00 -2.665795000000000137e+00 9.730172912235104388e-01 2.307322062046437139e-01 0.000000000000000000e+00 -1.004064400000000079e+00 0.000000000000000000e+00 0.000000000000000000e+00 1.000000000000000000e+00 0.000000000000000000e+00
1.059187735511386147e-01 -9.943747851838473650e-01 0.000000000000000000e+00 -2.176620199999999894e+00 9.943747851838473650e-01 1.059187735511386147e-01 0.000000000000000000e+00 -1.003117299999999990e+00 0.000000000000000000e+00 0.000000000000000000e+00 1.000000000000000000e+00 0.000000000000000000e+00
-1.121448683767052035e-01 -9.936918679836176382e-01 0.000000000000000000e+00 -1.762451800000000013e+00 9.936918679836176382e-01 -1.121448683767052035e-01 0.000000000000000000e+00 -9.065257300000000296e-01 0.000000000000000000e+00 0.000000000000000000e+00 1.000000000000000000e+00 0.000000000000000000e+00
-2.717989610133922374e-01 -9.623540537619408308e-01 0.000000000000000000e+00 -1.327945799999999954e+00 9.623540537619408308e-01 -2.717989610133922374e-01 0.000000000000000000e+00 -8.237016000000000338e-01 0.000000000000000000e+00 0.000000000000000000e+00 1.000000000000000000e+00 0.000000000000000000e+00
-4.072462949173506486e-01 -9.133183756369354089e-01 0.000000000000000000e+00 -1.018573900000000032e+00 9.133183756369354089e-01 -4.072462949173506486e-01 0.000000000000000000e+00 -6.279519999999999547e-01 0.000000000000000000e+00 0.000000000000000000e+00 1.000000000000000000e+00 0.000000000000000000e+00
-5.564785731858242768e-01 -8.308619606078191389e-01 0.000000000000000000e+00 -8.483258000000000187e-01 8.308619606078191389e-01 -5.564785731858242768e-01 0.000000000000000000e+00 -3.815902199999999800e-01 0.000000000000000000e+00 0.000000000000000000e+00 1.000000000000000000e+00 0.000000000000000000e+00
-6.394241597830128132e-01 -7.688541759565257205e-01 0.000000000000000000e+00 -6.848571300000000361e-01 7.688541759565257205e-01 -6.394241597830128132e-01 0.000000000000000000e+00 -1.712985599999999886e-01 0.000000000000000000e+00 0.000000000000000000e+00 1.000000000000000000e+00 0.000000000000000000e+00
-7.923298167436281236e-01 -6.100929941402447598e-01 0.000000000000000000e+00 -4.337053000000000158e-01 6.100929941402447598e-01 -7.923298167436281236e-01 0.000000000000000000e+00 1.802040500000000045e-01 0.000000000000000000e+00 0.000000000000000000e+00 1.000000000000000000e+00 0.000000000000000000e+00
-8.926925999595864969e-01 -4.506660870061043878e-01 0.000000000000000000e+00 -1.093441099999999944e-01 4.506660870061043878e-01 -8.926925999595864969e-01 0.000000000000000000e+00 5.833933999999999509e-01 0.000000000000000000e+00 0.000000000000000000e+00 1.000000000000000000e+00 0.000000000000000000e+00
9.241063784089520450e-01 3.821353181582287650e-01 0.000000000000000000e+00 2.278765799999999883e-02 -3.821353181582287650e-01 9.241063784089520450e-01 0.000000000000000000e+00 9.013037000000000409e-01 0.000000000000000000e+00 0.000000000000000000e+00 1.000000000000000000e+00 0.000000000000000000e+00
9.568399594779869455e-01 2.906153677047451644e-01 0.000000000000000000e+00 1.419368799999999875e-01 -2.906153677047451644e-01 9.568399594779869455e-01 0.000000000000000000e+00 1.416359499999999993e+00 0.000000000000000000e+00 0.000000000000000000e+00 1.000000000000000000e+00 0.000000000000000000e+00
9.717949551511201323e-01 2.358274054108904505e-01 0.000000000000000000e+00 2.228698600000000030e-01 -2.358274054108904505e-01 9.717949551511201323e-01 0.000000000000000000e+00 1.812154999999999960e+00 0.000000000000000000e+00 0.000000000000000000e+00 1.000000000000000000e+00 0.000000000000000000e+00
9.999876750433644990e-01 4.964852602701764865e-03 0.000000000000000000e+00 3.596830999999999778e-01 -4.964852602701764865e-03 9.999876750433644990e-01 0.000000000000000000e+00 2.049304699999999979e+00 0.000000000000000000e+00 0.000000000000000000e+00 1.000000000000000000e+00 0.000000000000000000e+00
9.800263689698174296e-01 -1.988675843968424894e-01 0.000000000000000000e+00 1.444288499999999975e-01 1.988675843968424894e-01 9.800263689698174296e-01 0.000000000000000000e+00 2.490108499999999836e+00 0.000000000000000000e+00 0.000000000000000000e+00 1.000000000000000000e+00 0.000000000000000000e+00
9.380582031126526443e-01 -3.464777158390728862e-01 0.000000000000000000e+00 -1.407396500000000078e-02 3.464777158390728862e-01 9.380582031126526443e-01 0.000000000000000000e+00 2.951823500000000156e+00 0.000000000000000000e+00 0.000000000000000000e+00 1.000000000000000000e+00 0.000000000000000000e+00
8.654858383747890960e-01 -5.009333923514067699e-01 0.000000000000000000e+00 -2.743584499999999760e-01 5.009333923514067699e-01 8.654858383747890960e-01 0.000000000000000000e+00 3.243324499999999944e+00 0.000000000000000000e+00 0.000000000000000000e+00 1.000000000000000000e+00 0.000000000000000000e+00
7.716796359536014505e-01 -6.360114302860579993e-01 0.000000000000000000e+00 -4.198623599999999900e-01 6.360114302860579993e-01 7.716796359536014505e-01 0.000000000000000000e+00 3.687728200000000012e+00 0.000000000000000000e+00 0.000000000000000000e+00 1.000000000000000000e+00 0.000000000000000000e+00
7.660277308949930974e-01 -6.428075260137112723e-01 0.000000000000000000e+00 -5.982083999999999735e-01 6.428075260137112723e-01 7.660277308949930974e-01 0.000000000000000000e+00 4.084946000000000410e+00 0.000000000000000000e+00 0.000000000000000000e+00 1.000000000000000000e+00 0.000000000000000000e+00
7.499208918407171964e-01 -6.615275171758339123e-01 0.000000000000000000e+00 -9.291538599999999981e-01 6.615275171758339123e-01 7.499208918407171964e-01 0.000000000000000000e+00 4.544290499999999788e+00 0.000000000000000000e+00 0.000000000000000000e+00 1.000000000000000000e+00 0.000000000000000000e+00
-7.609259901381140168e-01 6.488386837514628080e-01 0.000000000000000000e+00 -8.412792999999999521e-01 -6.488386837514628080e-01 -7.609259901381140168e-01 0.000000000000000000e+00 4.402588399999999957e+00 0.000000000000000000e+00 0.000000000000000000e+00 1.000000000000000000e+00 0.000000000000000000e+00
6.359475481698461108e-01 -7.717322825804044939e-01 0.000000000000000000e+00 -1.412806000000000006e+00 7.717322825804044939e-01 6.359475481698461108e-01 0.000000000000000000e+00 4.864728000000000385e+00 0.000000000000000000e+00 0.000000000000000000e+00 1.000000000000000000e+00 0.000000000000000000e+00
4.791763030424278091e-01 -8.777186739511649849e-01 0.000000000000000000e+00 -1.793202399999999974e+00 8.777186739511649849e-01 4.791763030424278091e-01 0.000000000000000000e+00 5.090035000000000309e+00 0.000000000000000000e+00 0.000000000000000000e+00 1.000000000000000000e+00 0.000000000000000000e+00
3.859996589605309003e-01 -9.224989231876391527e-01 0.000000000000000000e+00 -2.226816400000000140e+00 9.224989231876391527e-01 3.859996589605309003e-01 0.000000000000000000e+00 5.444314499999999946e+00 0.000000000000000000e+00 0.000000000000000000e+00 1.000000000000000000e+00 0.000000000000000000e+00
2.798680073446448979e-01 -9.600384880122971865e-01 0.000000000000000000e+00 -2.688345400000000218e+00 9.600384880122971865e-01 2.798680073446448979e-01 0.000000000000000000e+00 5.731363299999999938e+00 0.000000000000000000e+00 0.000000000000000000e+00 1.000000000000000000e+00 0.000000000000000000e+00
2.170003266231232963e-01 -9.761715311590775102e-01 0.000000000000000000e+00 -3.172678200000000004e+00 9.761715311590775102e-01 2.170003266231232963e-01 0.000000000000000000e+00 5.786631999999999998e+00 0.000000000000000000e+00 0.000000000000000000e+00 1.000000000000000000e+00 0.000000000000000000e+00
1.859015426281236949e-01 -9.825683774926220471e-01 0.000000000000000000e+00 -3.556041000000000007e+00 9.825683774926220471e-01 1.859015426281236949e-01 0.000000000000000000e+00 5.829964000000000368e+00 0.000000000000000000e+00 0.000000000000000000e+00 1.000000000000000000e+00 0.000000000000000000e+00
6.005586025512625603e-02 -9.981950178442170474e-01 0.000000000000000000e+00 -4.065387000000000306e+00 9.981950178442170474e-01 6.005586025512625603e-02 0.000000000000000000e+00 6.144123999999999697e+00 0.000000000000000000e+00 0.000000000000000000e+00 1.000000000000000000e+00 0.000000000000000000e+00
-6.847036683860975581e-02 -9.976531505813962530e-01 0.000000000000000000e+00 -4.538119000000000014e+00 9.976531505813962530e-01 -6.847036683860975581e-02 0.000000000000000000e+00 6.126268399999999836e+00 0.000000000000000000e+00 0.000000000000000000e+00 1.000000000000000000e+00 0.000000000000000000e+00
-9.760931532212788198e-02 -9.952248095593002608e-01 0.000000000000000000e+00 -5.114122000000000057e+00 9.952248095593002608e-01 -9.760931532212788198e-02 0.000000000000000000e+00 6.122008300000000069e+00 0.000000000000000000e+00 0.000000000000000000e+00 1.000000000000000000e+00 0.000000000000000000e+00
-1.822818453718941523e-01 -9.832463215531583867e-01 0.000000000000000000e+00 -5.559725300000000203e+00 9.832463215531583867e-01 -1.822818453718941523e-01 0.000000000000000000e+00 6.168606300000000431e+00 0.000000000000000000e+00 0.000000000000000000e+00 1.000000000000000000e+00 0.000000000000000000e+00
-1.553709776593713843e-01 -9.878561936340588545e-01 0.000000000000000000e+00 -6.002169600000000216e+00 9.878561936340588545e-01 -1.553709776593713843e-01 0.000000000000000000e+00 6.008625000000000327e+00 0.000000000000000000e+00 0.000000000000000000e+00 1.000000000000000000e+00 0.000000000000000000e+00
-3.486103003005694978e-01 -9.372677624480353353e-01 0.000000000000000000e+00 -6.464965000000000295e+00 9.372677624480353353e-01 -3.486103003005694978e-01 0.000000000000000000e+00 5.985648000000000302e+00 0.000000000000000000e+00 0.000000000000000000e+00 1.000000000000000000e+00 0.000000000000000000e+00
-3.987487077557986259e-01 -9.170602314259846954e-01 0.000000000000000000e+00 -6.752843000000000373e+00 9.170602314259846954e-01 -3.987487077557986259e-01 0.000000000000000000e+00 6.014361000000000068e+00 0.000000000000000000e+00 0.000000000000000000e+00 1.000000000000000000e+00 0.000000000000000000e+00
-4.982246431490673366e-01 -8.670479830776290919e-01 0.000000000000000000e+00 -7.066147299999999909e+00 8.670479830776290919e-01 -4.982246431490673366e-01 0.000000000000000000e+00 5.770266999999999591e+00 0.000000000000000000e+00 0.000000000000000000e+00 1.000000000000000000e+00 0.000000000000000000e+00
-5.827630793553064681e-01 -8.126421065514146669e-01 0.000000000000000000e+00 -7.600634999999999586e+00 8.126421065514146669e-01 -5.827630793553064681e-01 0.000000000000000000e+00 5.697726199999999963e+00 0.000000000000000000e+00 0.000000000000000000e+00 1.000000000000000000e+00 0.000000000000000000e+00
-6.808269569441559588e-01 -7.324443014306005750e-01 0.000000000000000000e+00 -8.078061999999999188e+00 7.324443014306005750e-01 -6.808269569441559588e-01 0.000000000000000000e+00 5.381598499999999952e+00 0.000000000000000000e+00 0.000000000000000000e+00 1.000000000000000000e+00 0.000000000000000000e+00
-7.427625902174170847e-01 -6.695548779401979678e-01 0.000000000000000000e+00 -8.297923000000000826e+00 6.695548779401979678e-01 -7.427625902174170847e-01 0.000000000000000000e+00 5.070206599999999675e+00 0.000000000000000000e+00 0.000000000000000000e+00 1.000000000000000000e+00 0.000000000000000000e+00
-9.482571797740785291e-01 -3.175032614114551843e-01 0.000000000000000000e+00 -8.634706500000000062e+00 3.175032614114551843e-01 -9.482571797740785291e-01 0.000000000000000000e+00 4.664375999999999856e+00 0.000000000000000000e+00 0.000000000000000000e+00 1.000000000000000000e+00 0.000000000000000000e+00
-9.758807199468731985e-01 -2.183044214760034296e-01 0.000000000000000000e+00 -8.781299000000000632e+00 2.183044214760034296e-01 -9.758807199468731985e-01 0.000000000000000000e+00 4.314472000000000307e+00 0.000000000000000000e+00 0.000000000000000000e+00 1.000000000000000000e+00 0.000000000000000000e+00
1.526251676494932707e-01 -9.882841485119369107e-01 0.000000000000000000e+00 -8.674939000000000178e+00 9.882841485119369107e-01 1.526251676494932707e-01 0.000000000000000000e+00 4.406452999999999953e+00 0.000000000000000000e+00 0.000000000000000000e+00 1.000000000000000000e+00 0.000000000000000000e+00
-9.703780303443488853e-01 2.415915524703254602e-01 0.000000000000000000e+00 -8.592643999999999949e+00 -2.415915524703254602e-01 -9.703780303443488853e-01 0.000000000000000000e+00 4.022715599999999725e+00 0.000000000000000000e+00 0.000000000000000000e+00 1.000000000000000000e+00 0.000000000000000000e+00
-8.430163953052127734e-01 5.378878667962359028e-01 0.000000000000000000e+00 -8.522259999999999280e+00 -5.378878667962359028e-01 -8.430163953052127734e-01 0.000000000000000000e+00 3.670426400000000200e+00 0.000000000000000000e+00 0.000000000000000000e+00 1.000000000000000000e+00 0.000000000000000000e+00
-6.433397394841187111e-01 7.655808119333361583e-01 0.000000000000000000e+00 -8.246361999999999526e+00 -7.655808119333361583e-01 -6.433397394841187111e-01 0.000000000000000000e+00 3.258944699999999806e+00 0.000000000000000000e+00 0.000000000000000000e+00 1.000000000000000000e+00 0.000000000000000000e+00
-3.190537360937533151e-01 9.477366266450915067e-01 0.000000000000000000e+00 -7.804210999999999565e+00 -9.477366266450915067e-01 -3.190537360937533151e-01 0.000000000000000000e+00 3.062494500000000119e+00 0.000000000000000000e+00 0.000000000000000000e+00 1.000000000000000000e+00 0.000000000000000000e+00
-3.295510519995168558e-02 9.994568330054380834e-01 0.000000000000000000e+00 -7.312507000000000090e+00 -9.994568330054380834e-01 -3.295510519995168558e-02 0.000000000000000000e+00 3.144773700000000005e+00 0.000000000000000000e+00 0.000000000000000000e+00 1.000000000000000000e+00 0.000000000000000000e+00
1.423217281423508895e-01 9.898204512428376844e-01 0.000000000000000000e+00 -6.676376300000000263e+00 -9.898204512428376844e-01 1.423217281423508895e-01 0.000000000000000000e+00 3.163056000000000090e+00 0.000000000000000000e+00 0.000000000000000000e+00 1.000000000000000000e+00 0.000000000000000000e+00
3.775490566652454638e-01 9.259895840727276894e-01 0.000000000000000000e+00 -6.166817700000000180e+00 -9.259895840727276894e-01 3.775490566652454638e-01 0.000000000000000000e+00 3.335267500000000052e+00 0.000000000000000000e+00 0.000000000000000000e+00 1.000000000000000000e+00 0.000000000000000000e+00
6.623183280047784116e-01 7.492225519756828822e-01 0.000000000000000000e+00 -6.002670300000000125e+00 -7.492225519756828822e-01 6.623183280047784116e-01 0.000000000000000000e+00 3.653506300000000095e+00 0.000000000000000000e+00 0.000000000000000000e+00 1.000000000000000000e+00 0.000000000000000000e+00
8.800771556221002045e-01 4.748307068336183323e-01 0.000000000000000000e+00 -5.816249400000000236e+00 -4.748307068336183323e-01 8.800771556221002045e-01 0.000000000000000000e+00 4.108524000000000065e+00 0.000000000000000000e+00 0.000000000000000000e+00 1.000000000000000000e+00 0.000000000000000000e+00
-9.924307263054426009e-01 -1.228057550966225736e-01 0.000000000000000000e+00 -5.610948999999999742e+00 1.228057550966225736e-01 -9.924307263054426009e-01 0.000000000000000000e+00 4.524713000000000207e+00 0.000000000000000000e+00 0.000000000000000000e+00 1.000000000000000000e+00 0.000000000000000000e+00
-9.919752297729161894e-01 1.264323673628320599e-01 0.000000000000000000e+00 -5.744836300000000229e+00 -1.264323673628320599e-01 -9.919752297729161894e-01 0.000000000000000000e+00 5.216258999999999979e+00 0.000000000000000000e+00 0.000000000000000000e+00 1.000000000000000000e+00 0.000000000000000000e+00
-8.857448625507559070e-01 4.641724232060134292e-01 0.000000000000000000e+00 -5.984239600000000436e+00 -4.641724232060134292e-01 -8.857448625507559070e-01 0.000000000000000000e+00 5.621247300000000280e+00 0.000000000000000000e+00 0.000000000000000000e+00 1.000000000000000000e+00 0.000000000000000000e+00
-7.174575051269146408e-01 6.966022741400311746e-01 0.000000000000000000e+00 -6.139621299999999948e+00 -6.966022741400311746e-01 -7.174575051269146408e-01 0.000000000000000000e+00 6.126773400000000258e+00 0.000000000000000000e+00 0.000000000000000000e+00 1.000000000000000000e+00 0.000000000000000000e+00
-4.894552698943354652e-01 8.720284047969213415e-01 0.000000000000000000e+00 -6.463735599999999692e+00 -8.720284047969213415e-01 -4.894552698943354652e-01 0.000000000000000000e+00 6.340387999999999913e+00 0.000000000000000000e+00 0.000000000000000000e+00 1.000000000000000000e+00 0.000000000000000000e+00
-1.199516426458601681e-01 9.927797356043081001e-01 0.000000000000000000e+00 -6.972262999999999877e+00 -9.927797356043081001e-01 -1.199516426458601681e-01 0.000000000000000000e+00 6.534368500000000246e+00 0.000000000000000000e+00 0.000000000000000000e+00 1.000000000000000000e+00 0.000000000000000000e+00
1.616315579609916009e-01 9.868511739219356649e-01 0.000000000000000000e+00 -7.353287700000000093e+00 -9.868511739219356649e-01 1.616315579609916009e-01 0.000000000000000000e+00 6.634590600000000116e+00 0.000000000000000000e+00 0.000000000000000000e+00 1.000000000000000000e+00 0.000000000000000000e+00
6.639510825279670847e-01 7.477760092500564948e-01 0.000000000000000000e+00 -7.761726000000000347e+00 -7.477760092500564948e-01 6.639510825279670847e-01 0.000000000000000000e+00 6.490656000000000425e+00 0.000000000000000000e+00 0.000000000000000000e+00 1.000000000000000000e+00 0.000000000000000000e+00
8.635131140568541586e-01 5.043263842511458428e-01 0.000000000000000000e+00 -8.101516999999999413e+00 -5.043263842511458428e-01 8.635131140568541586e-01 0.000000000000000000e+00 6.262288599999999761e+00 0.000000000000000000e+00 0.000000000000000000e+00 1.000000000000000000e+00 0.000000000000000000e+00
9.474939147181886678e-01 3.197737975069279703e-01 0.000000000000000000e+00 -8.198821000000000581e+00 -3.197737975069279703e-01 9.474939147181886678e-01 0.000000000000000000e+00 5.908063399999999632e+00 0.000000000000000000e+00 0.000000000000000000e+00 1.000000000000000000e+00 0.000000000000000000e+00
9.996065900456820863e-01 2.804755135914160924e-02 0.000000000000000000e+00 -8.195698999999999401e+00 -2.804755135914160924e-02 9.996065900456820863e-01 0.000000000000000000e+00 5.928480999999999668e+00 0.000000000000000000e+00 0.000000000000000000e+00 1.000000000000000000e+00 0.000000000000000000e+00
9.987392042630003353e-01 5.019962019885088750e-02 0.000000000000000000e+00 -8.232279000000000124e+00 -5.019962019885088750e-02 9.987392042630003353e-01 0.000000000000000000e+00 5.416667499999999968e+00 0.000000000000000000e+00 0.000000000000000000e+00 1.000000000000000000e+00 0.000000000000000000e+00
9.940252313071139545e-01 -1.091505360721536089e-01 0.000000000000000000e+00 -8.310677999999999344e+00 1.091505360721536089e-01 9.940252313071139545e-01 0.000000000000000000e+00 4.896950200000000031e+00 0.000000000000000000e+00 0.000000000000000000e+00 1.000000000000000000e+00 0.000000000000000000e+00
9.566137459804258114e-01 -2.913591271975144448e-01 0.000000000000000000e+00 -8.215080999999999634e+00 2.913591271975144448e-01 9.566137459804258114e-01 0.000000000000000000e+00 4.392918599999999785e+00 0.000000000000000000e+00 0.000000000000000000e+00 1.000000000000000000e+00 0.000000000000000000e+00
9.127481338889140705e-01 -4.085227583407136098e-01 0.000000000000000000e+00 -8.103837999999999653e+00 4.085227583407136098e-01 9.127481338889140705e-01 0.000000000000000000e+00 3.996446100000000001e+00 0.000000000000000000e+00 0.000000000000000000e+00 1.000000000000000000e+00 0.000000000000000000e+00
8.533654124026057719e-01 -5.213132195858172224e-01 0.000000000000000000e+00 -7.862517399999999768e+00 5.213132195858172224e-01 8.533654124026057719e-01 0.000000000000000000e+00 3.464676100000000147e+00 0.000000000000000000e+00 0.000000000000000000e+00 1.000000000000000000e+00 0.000000000000000000e+00
8.762060826183656337e-01 -4.819366149013558642e-01 0.000000000000000000e+00 -7.538754499999999581e+00 4.819366149013558642e-01 8.762060826183656337e-01 0.000000000000000000e+00 2.932917400000000008e+00 0.000000000000000000e+00 0.000000000000000000e+00 1.000000000000000000e+00 0.000000000000000000e+00
8.434815428027134798e-01 -5.371581582282394240e-01 0.000000000000000000e+00 -7.133284999999999876e+00 5.371581582282394240e-01 8.434815428027134798e-01 0.000000000000000000e+00 2.353594999999999882e+00 0.000000000000000000e+00 0.000000000000000000e+00 1.000000000000000000e+00 0.000000000000000000e+00
7.833935148619252109e-01 -6.215260259009903754e-01 0.000000000000000000e+00 -6.882394999999999818e+00 6.215260259009903754e-01 7.833935148619252109e-01 0.000000000000000000e+00 1.992888100000000051e+00 0.000000000000000000e+00 0.000000000000000000e+00 1.000000000000000000e+00 0.000000000000000000e+00
6.529627235689302589e-01 -7.573900459006869257e-01 0.000000000000000000e+00 -6.518212000000000117e+00 7.573900459006869257e-01 6.529627235689302589e-01 0.000000000000000000e+00 1.559562600000000021e+00 0.000000000000000000e+00 0.000000000000000000e+00 1.000000000000000000e+00 0.000000000000000000e+00
6.889898135033142301e-01 -7.247710237645185183e-01 0.000000000000000000e+00 -6.057869400000000404e+00 7.247710237645185183e-01 6.889898135033142301e-01 0.000000000000000000e+00 1.128621099999999933e+00 0.000000000000000000e+00 0.000000000000000000e+00 1.000000000000000000e+00 0.000000000000000000e+00
7.450229703880392185e-01 -6.670388096611641338e-01 0.000000000000000000e+00 -5.686460499999999918e+00 6.670388096611641338e-01 7.450229703880392185e-01 0.000000000000000000e+00 8.675783999999999718e-01 0.000000000000000000e+00 0.000000000000000000e+00 1.000000000000000000e+00 0.000000000000000000e+00
7.283608986330041279e-01 -6.851936962221140126e-01 0.000000000000000000e+00 -5.352365500000000331e+00 6.851936962221140126e-01 7.283608986330041279e-01 0.000000000000000000e+00 4.203985000000000083e-01 0.000000000000000000e+00 0.000000000000000000e+00 1.000000000000000000e+00 0.000000000000000000e+00
6.260643415884806773e-01 -7.797714025221635925e-01 0.000000000000000000e+00 -5.026012999999999842e+00 7.797714025221635925e-01 6.260643415884806773e-01 0.000000000000000000e+00 1.360378299999999985e-01 0.000000000000000000e+00 0.000000000000000000e+00 1.000000000000000000e+00 0.000000000000000000e+00
5.560479903623352094e-01 -8.311501864368486814e-01 0.000000000000000000e+00 -4.541287999999999769e+00 8.311501864368486814e-01 5.560479903623352094e-01 0.000000000000000000e+00 -2.758035699999999979e-01 0.000000000000000000e+00 0.000000000000000000e+00 1.000000000000000000e+00 0.000000000000000000e+00
3.583091182139553355e-01 -9.336030076026629043e-01 0.000000000000000000e+00 -4.212516299999999880e+00 9.336030076026629043e-01 3.583091182139553355e-01 0.000000000000000000e+00 -7.385803499999999966e-01 0.000000000000000000e+00 0.000000000000000000e+00 1.000000000000000000e+00 0.000000000000000000e+00
4.135401349122898029e-01 -9.104858905094165289e-01 0.000000000000000000e+00 -3.693350300000000086e+00 9.104858905094165289e-01 4.135401349122898029e-01 0.000000000000000000e+00 -9.148541700000000221e-01 0.000000000000000000e+00 0.000000000000000000e+00 1.000000000000000000e+00 0.000000000000000000e+00
5.629063939477570999e-01 -8.265206540992986461e-01 0.000000000000000000e+00 -3.179989799999999978e+00 8.265206540992986461e-01 5.629063939477570999e-01 0.000000000000000000e+00 -1.113118499999999900e+00 0.000000000000000000e+00 0.000000000000000000e+00 1.000000000000000000e+00 0.000000000000000000e+00
4.702810602076498703e-01 -8.825166992244218855e-01 0.000000000000000000e+00 -2.588551499999999894e+00 8.825166992244218855e-01 4.702810602076498703e-01 0.000000000000000000e+00 -1.487892900000000074e+00 0.000000000000000000e+00 0.000000000000000000e+00 1.000000000000000000e+00 0.000000000000000000e+00
4.455183175771179616e-01 -8.952728236148209673e-01 0.000000000000000000e+00 -2.122069600000000111e+00 8.952728236148209673e-01 4.455183175771179616e-01 0.000000000000000000e+00 -1.517403400000000069e+00 0.000000000000000000e+00 0.000000000000000000e+00 1.000000000000000000e+00 0.000000000000000000e+00
3.318523519551467849e-01 -9.433313397220710605e-01 0.000000000000000000e+00 -2.144210600000000078e+00 9.433313397220710605e-01 3.318523519551467849e-01 0.000000000000000000e+00 -1.577096700000000018e+00 0.000000000000000000e+00 0.000000000000000000e+00 1.000000000000000000e+00 0.000000000000000000e+00
2.574720412588852314e-01 -9.662857486116531724e-01 0.000000000000000000e+00 -1.665534599999999976e+00 9.662857486116531724e-01 2.574720412588852314e-01 0.000000000000000000e+00 -1.645923299999999978e+00 0.000000000000000000e+00 0.000000000000000000e+00 1.000000000000000000e+00 0.000000000000000000e+00
1.288673556950368504e-01 -9.916618398608312290e-01 0.000000000000000000e+00 -1.269821499999999936e+00 9.916618398608312290e-01 1.288673556950368504e-01 0.000000000000000000e+00 -1.509241700000000019e+00 0.000000000000000000e+00 0.000000000000000000e+00 1.000000000000000000e+00 0.000000000000000000e+00
-5.766067405373491439e-02 -9.983362392839744137e-01 0.000000000000000000e+00 -8.329588999999999466e-01 9.983362392839744137e-01 -5.766067405373491439e-02 0.000000000000000000e+00 -1.376488200000000051e+00 0.000000000000000000e+00 0.000000000000000000e+00 1.000000000000000000e+00 0.000000000000000000e+00
-2.668867672680964032e-01 -9.637278938876807644e-01 0.000000000000000000e+00 -3.475188300000000008e-01 9.637278938876807644e-01 -2.668867672680964032e-01 0.000000000000000000e+00 -1.312211299999999969e+00 0.000000000000000000e+00 0.000000000000000000e+00 1.000000000000000000e+00 0.000000000000000000e+00
-4.173444743853150229e-01 -9.087483643451828019e-01 0.000000000000000000e+00 -1.139172700000000010e-01 9.087483643451828019e-01 -4.173444743853150229e-01 0.000000000000000000e+00 -1.040273500000000073e+00 0.000000000000000000e+00 0.000000000000000000e+00 1.000000000000000000e+00 0.000000000000000000e+00
-5.379214349583499866e-01 -8.429949761489387017e-01 0.000000000000000000e+00 1.650032800000000022e-01 8.429949761489387017e-01 -5.379214349583499866e-01 0.000000000000000000e+00 -7.989515000000000366e-01 0.000000000000000000e+00 0.000000000000000000e+00 1.000000000000000000e+00 0.000000000000000000e+00
-6.790596386448546351e-01 -7.340831064419882646e-01 0.000000000000000000e+00 4.224862500000000076e-01 7.340831064419882646e-01 -6.790596386448546351e-01 0.000000000000000000e+00 -6.338162999999999991e-01 0.000000000000000000e+00 0.000000000000000000e+00 1.000000000000000000e+00 0.000000000000000000e+00
-8.064484479158066099e-01 -5.913044062529777545e-01 0.000000000000000000e+00 6.591050600000000204e-01 5.913044062529777545e-01 -8.064484479158066099e-01 0.000000000000000000e+00 -2.499463399999999891e-01 0.000000000000000000e+00 0.000000000000000000e+00 1.000000000000000000e+00 0.000000000000000000e+00
-8.665324186696522490e-01 -4.991207943920213386e-01 0.000000000000000000e+00 8.802239299999999877e-01 4.991207943920213386e-01 -8.665324186696522490e-01 0.000000000000000000e+00 2.140956700000000087e-02 0.000000000000000000e+00 0.000000000000000000e+00 1.000000000000000000e+00 0.000000000000000000e+00
9.241238028186791187e-01 3.820931785100894484e-01 0.000000000000000000e+00 1.072454100000000077e+00 -3.820931785100894484e-01 9.241238028186791187e-01 0.000000000000000000e+00 4.525761999999999841e-01 0.000000000000000000e+00 0.000000000000000000e+00 1.000000000000000000e+00 0.000000000000000000e+00
9.529360098726369355e-01 3.031715044129604242e-01 0.000000000000000000e+00 1.146217700000000006e+00 -3.031715044129604242e-01 9.529360098726369355e-01 0.000000000000000000e+00 8.422203700000000515e-01 0.000000000000000000e+00 0.000000000000000000e+00 1.000000000000000000e+00 0.000000000000000000e+00
9.702568890131429979e-01 2.420776101223271748e-01 0.000000000000000000e+00 1.241522000000000014e+00 -2.420776101223271748e-01 9.702568890131429979e-01 0.000000000000000000e+00 1.298100400000000043e+00 0.000000000000000000e+00 0.000000000000000000e+00 1.000000000000000000e+00 0.000000000000000000e+00
9.943988182180856228e-01 1.056929057528208232e-01 0.000000000000000000e+00 1.307150000000000034e+00 -1.056929057528208232e-01 9.943988182180856228e-01 0.000000000000000000e+00 1.879219900000000054e+00 0.000000000000000000e+00 0.000000000000000000e+00 1.000000000000000000e+00 0.000000000000000000e+00
9.884273250939523692e-01 -1.516951647469827469e-01 0.000000000000000000e+00 1.219373800000000063e+00 1.516951647469827469e-01 9.884273250939523692e-01 0.000000000000000000e+00 2.124134499999999814e+00 0.000000000000000000e+00 0.000000000000000000e+00 1.000000000000000000e+00 0.000000000000000000e+00
9.505315918532358799e-01 -3.106279010149498032e-01 0.000000000000000000e+00 1.086928700000000081e+00 3.106279010149498032e-01 9.505315918532358799e-01 0.000000000000000000e+00 2.475007000000000179e+00 0.000000000000000000e+00 0.000000000000000000e+00 1.000000000000000000e+00 0.000000000000000000e+00
8.676718961149465503e-01 -4.971372855583187644e-01 0.000000000000000000e+00 7.040056999999999565e-01 4.971372855583187644e-01 8.676718961149465503e-01 0.000000000000000000e+00 2.919366000000000128e+00 0.000000000000000000e+00 0.000000000000000000e+00 1.000000000000000000e+00 0.000000000000000000e+00
8.268138649615008884e-01 -5.624756285452952032e-01 0.000000000000000000e+00 4.015706800000000132e-01 5.624756285452952032e-01 8.268138649615008884e-01 0.000000000000000000e+00 3.433294000000000068e+00 0.000000000000000000e+00 0.000000000000000000e+00 1.000000000000000000e+00 0.000000000000000000e+00
7.624848167501264706e-01 -6.470061083371053678e-01 0.000000000000000000e+00 3.032527999999999890e-01 6.470061083371053678e-01 7.624848167501264706e-01 0.000000000000000000e+00 3.672571200000000147e+00 0.000000000000000000e+00 0.000000000000000000e+00 1.000000000000000000e+00 0.000000000000000000e+00
-6.786258238597385750e-01 7.344841667392777440e-01 0.000000000000000000e+00 -1.743701500000000015e-01 -7.344841667392777440e-01 -6.786258238597385750e-01 0.000000000000000000e+00 3.934353799999999790e+00 0.000000000000000000e+00 0.000000000000000000e+00 1.000000000000000000e+00 0.000000000000000000e+00
