9.999943684191436866e-01 3.356058700013832795e-03 0.000000000000000000e+00 -8.000337000000000032e+00 -3.356058700013832795e-03 9.999943684191436866e-01 0.000000000000000000e+00 4.999918000000000085e+00 0.000000000000000000e+00 0.000000000000000000e+00 1.000000000000000000e+00 0.000000000000000000e+00
9.995443032200546085e-01 3.018585596493151071e-02 0.000000000000000000e+00 -8.044954999999999856e+00 -3.018585596493151071e-02 9.995443032200546085e-01 0.000000000000000000e+00 4.596377999999999631e+00 0.000000000000000000e+00 0.000000000000000000e+00 1.000000000000000000e+00 0.000000000000000000e+00
9.993171639569636833e-01 3.694869173612288366e-02 0.000000000000000000e+00 -8.101646999999999821e+00 -3.694869173612288366e-02 9.993171639569636833e-01 0.000000000000000000e+00 4.193038999999999739e+00 0.000000000000000000e+00 0.000000000000000000e+00 1.000000000000000000e+00 0.000000000000000000e+00
9.999797008710631374e-01 -6.371643886709669850e-03 0.000000000000000000e+00 -8.083270999999999873e+00 6.371643886709669850e-03 9.999797008710631374e-01 0.000000000000000000e+00 3.845496699999999990e+00 0.000000000000000000e+00 0.000000000000000000e+00 1.000000000000000000e+00 0.000000000000000000e+00
9.994236716161247758e-01 -3.394590716631877558e-02 0.000000000000000000e+00 -8.045398999999999745e+00 3.394590716631877558e-02 9.994236716161247758e-01 0.000000000000000000e+00 3.497650900000000007e+00 0.000000000000000000e+00 0.000000000000000000e+00 1.000000000000000000e+00 0.000000000000000000e+00
9.958724964274626723e-01 -9.076326822747982082e-02 0.000000000000000000e+00 -8.073456999999999439e+00 9.076326822747982082e-02 9.958724964274626723e-01 0.000000000000000000e+00 3.005911400000000011e+00 0.000000000000000000e+00 0.000000000000000000e+00 1.000000000000000000e+00 0.000000000000000000e+00
9.997787291297445256e-01 2.103551234729046301e-02 0.000000000000000000e+00 -7.915589299999999717e+00 -2.103551234729046301e-02 9.997787291297445256e-01 0.000000000000000000e+00 2.484485900000000136e+00 0.000000000000000000e+00 0.000000000000000000e+00 1.000000000000000000e+00 0.000000000000000000e+00
9.966003632293541914e-01 8.238759622127132809e-02 0.000000000000000000e+00 -7.903031300000000314e+00 -8.238759622127132809e-02 9.966003632293541914e-01 0.000000000000000000e+00 2.000059799999999832e+00 0.000000000000000000e+00 0.000000000000000000e+00 1.000000000000000000e+00 0.000000000000000000e+00
9.999855780918058823e-01 5.370624581632840039e-03 0.000000000000000000e+00 -7.889974600000000393e+00 -5.370624581632840039e-03 9.999855780918058823e-01 0.000000000000000000e+00 1.569617599999999946e+00 0.000000000000000000e+00 0.000000000000000000e+00 1.000000000000000000e+00 0.000000000000000000e+00
9.996101913473507405e-01 -2.791890675712336428e-02 0.000000000000000000e+00 -7.937763699999999645e+00 2.791890675712336428e-02 9.996101913473507405e-01 0.000000000000000000e+00 1.068068500000000087e+00 0.000000000000000000e+00 0.000000000000000000e+00 1.000000000000000000e+00 0.000000000000000000e+00
9.997992926179867235e-01 -2.003433254623855284e-02 0.000000000000000000e+00 -7.832016000000000311e+00 2.003433254623855284e-02 9.997992926179867235e-01 0.000000000000000000e+00 6.136653399999999481e-01 0.000000000000000000e+00 0.000000000000000000e+00 1.000000000000000000e+00 0.000000000000000000e+00
9.876522895319991280e-01 1.566619129916396180e-01 0.000000000000000000e+00 -7.901307000000000080e+00 -1.566619129916396180e-01 9.876522895319991280e-01 0.000000000000000000e+00 2.212776700000000096e-01 0.000000000000000000e+00 0.000000000000000000e+00 1.000000000000000000e+00 0.000000000000000000e+00
9.877955612692296272e-01 1.557559922982342249e-01 0.000000000000000000e+00 -7.890183000000000391e+00 -1.557559922982342249e-01 9.877955612692296272e-01 0.000000000000000000e+00 -2.107513799999999882e-01 0.000000000000000000e+00 0.000000000000000000e+00 1.000000000000000000e+00 0.000000000000000000e+00
9.911365132490421725e-01 1.328473262980153224e-01 0.000000000000000000e+00 -8.142424999999999358e+00 -1.328473262980153224e-01 9.911365132490421725e-01 0.000000000000000000e+00 -7.342153999999999625e-01 0.000000000000000000e+00 0.000000000000000000e+00 1.000000000000000000e+00 0.000000000000000000e+00
9.997285403937429260e-01 -2.329904552114370891e-02 0.000000000000000000e+00 -8.050836000000000325e+00 2.329904552114370891e-02 9.997285403937429260e-01 0.000000000000000000e+00 -1.059403799999999896e+00 0.000000000000000000e+00 0.000000000000000000e+00 1.000000000000000000e+00 0.000000000000000000e+00
9.998180605368574003e-01 -1.907474309963218609e-02 0.000000000000000000e+00 -8.082131999999999650e+00 1.907474309963218609e-02 9.998180605368574003e-01 0.000000000000000000e+00 -1.567407699999999959e+00 0.000000000000000000e+00 0.000000000000000000e+00 1.000000000000000000e+00 0.000000000000000000e+00
9.905166338709529006e-01 -1.373928601673192196e-01 0.000000000000000000e+00 -8.192061999999999955e+00 1.373928601673192196e-01 9.905166338709529006e-01 0.000000000000000000e+00 -1.863405500000000048e+00 0.000000000000000000e+00 0.000000000000000000e+00 1.000000000000000000e+00 0.000000000000000000e+00
9.871094937224199617e-01 -1.600463914090779483e-01 0.000000000000000000e+00 -8.027782999999999447e+00 1.600463914090779483e-01 9.871094937224199617e-01 0.000000000000000000e+00 -2.440081600000000073e+00 0.000000000000000000e+00 0.000000000000000000e+00 1.000000000000000000e+00 0.000000000000000000e+00
9.956195220068261298e-01 -9.349741920983178911e-02 0.000000000000000000e+00 -8.097697999999999396e+00 9.349741920983178911e-02 9.956195220068261298e-01 0.000000000000000000e+00 -2.896786999999999779e+00 0.000000000000000000e+00 0.000000000000000000e+00 1.000000000000000000e+00 0.000000000000000000e+00
9.934635990533122740e-01 -1.141493642384382029e-01 0.000000000000000000e+00 -7.920677999999999663e+00 1.141493642384382029e-01 9.934635990533122740e-01 0.000000000000000000e+00 -3.188757999999999981e+00 0.000000000000000000e+00 0.000000000000000000e+00 1.000000000000000000e+00 0.000000000000000000e+00
9.668093400003632265e-01 -2.554989238491270354e-01 0.000000000000000000e+00 -8.093536000000000286e+00 2.554989238491270354e-01 9.668093400003632265e-01 0.000000000000000000e+00 -3.191511199999999882e+00 0.000000000000000000e+00 0.000000000000000000e+00 1.000000000000000000e+00 0.000000000000000000e+00
9.245774316047559171e-01 -3.809941902013113113e-01 0.000000000000000000e+00 -7.922744999999999926e+00 3.809941902013113113e-01 9.245774316047559171e-01 0.000000000000000000e+00 -3.413913200000000092e+00 0.000000000000000000e+00 0.000000000000000000e+00 1.000000000000000000e+00 0.000000000000000000e+00
8.597924404594935455e-01 -5.106436715839218765e-01 0.000000000000000000e+00 -7.642679000000000222e+00 5.106436715839218765e-01 8.597924404594935455e-01 0.000000000000000000e+00 -3.803730700000000020e+00 0.000000000000000000e+00 0.000000000000000000e+00 1.000000000000000000e+00 0.000000000000000000e+00
7.168484381569214525e-01 -6.972290274450586578e-01 0.000000000000000000e+00 -7.347661500000000068e+00 6.972290274450586578e-01 7.168484381569214525e-01 0.000000000000000000e+00 -4.073507300000000164e+00 0.000000000000000000e+00 0.000000000000000000e+00 1.000000000000000000e+00 0.000000000000000000e+00
5.736084308430036138e-01 -8.191296405733509145e-01 0.000000000000000000e+00 -7.046107300000000073e+00 8.191296405733509145e-01 5.736084308430036138e-01 0.000000000000000000e+00 -4.362591700000000294e+00 0.000000000000000000e+00 0.000000000000000000e+00 1.000000000000000000e+00 0.000000000000000000e+00
4.284083228015410083e-01 -9.035852527317888017e-01 0.000000000000000000e+00 -6.714437000000000211e+00 9.035852527317888017e-01 4.284083228015410083e-01 0.000000000000000000e+00 -4.463655000000000150e+00 0.000000000000000000e+00 0.000000000000000000e+00 1.000000000000000000e+00 0.000000000000000000e+00
2.485961412021377714e-01 -9.686072261651813564e-01 0.000000000000000000e+00 -6.430894399999999678e+00 9.686072261651813564e-01 2.485961412021377714e-01 0.000000000000000000e+00 -4.418936000000000419e+00 0.000000000000000000e+00 0.000000000000000000e+00 1.000000000000000000e+00 0.000000000000000000e+00
1.260814712417289707e-01 -9.920198902287802323e-01 0.000000000000000000e+00 -6.189554700000000409e+00 9.920198902287802323e-01 1.260814712417289707e-01 0.000000000000000000e+00 -4.414056300000000377e+00 0.000000000000000000e+00 0.000000000000000000e+00 1.000000000000000000e+00 0.000000000000000000e+00
-1.191856774574815148e-01 -9.928719828301134642e-01 0.000000000000000000e+00 -5.786197699999999777e+00 9.928719828301134642e-01 -1.191856774574815148e-01 0.000000000000000000e+00 -4.371354000000000184e+00 0.000000000000000000e+00 0.000000000000000000e+00 1.000000000000000000e+00 0.000000000000000000e+00
-3.130427977582754817e-01 -9.497390203480488013e-01 0.000000000000000000e+00 -5.291219700000000081e+00 9.497390203480488013e-01 -3.130427977582754817e-01 0.000000000000000000e+00 -4.314672999999999981e+00 0.000000000000000000e+00 0.000000000000000000e+00 1.000000000000000000e+00 0.000000000000000000e+00
3.898379619419316544e-01 9.208834689736595802e-01 0.000000000000000000e+00 -4.992614999999999803e+00 -9.208834689736595802e-01 3.898379619419316544e-01 0.000000000000000000e+00 -4.177063500000000040e+00 0.000000000000000000e+00 0.000000000000000000e+00 1.000000000000000000e+00 0.000000000000000000e+00
4.918687802422760935e-01 8.706693419565061376e-01 0.000000000000000000e+00 -4.546652299999999869e+00 -8.706693419565061376e-01 4.918687802422760935e-01 0.000000000000000000e+00 -3.888085600000000142e+00 0.000000000000000000e+00 0.000000000000000000e+00 1.000000000000000000e+00 0.000000000000000000e+00
5.529422228089372338e-01 8.332195978462769714e-01 0.000000000000000000e+00 -4.214471999999999774e+00 -8.332195978462769714e-01 5.529422228089372338e-01 0.000000000000000000e+00 -3.652788900000000005e+00 0.000000000000000000e+00 0.000000000000000000e+00 1.000000000000000000e+00 0.000000000000000000e+00
7.289404281592254398e-01 6.845771338534797357e-01 0.000000000000000000e+00 -3.960887699999999789e+00 -6.845771338534797357e-01 7.289404281592254398e-01 0.000000000000000000e+00 -3.571146999999999849e+00 0.000000000000000000e+00 0.000000000000000000e+00 1.000000000000000000e+00 0.000000000000000000e+00
8.499932007345515350e-01 5.267936585656972648e-01 0.000000000000000000e+00 -3.826351600000000186e+00 -5.267936585656972648e-01 8.499932007345515350e-01 0.000000000000000000e+00 -3.101172000000000040e+00 0.000000000000000000e+00 0.000000000000000000e+00 1.000000000000000000e+00 0.000000000000000000e+00
9.240579582695058747e-01 3.822523901282922631e-01 0.000000000000000000e+00 -3.652479000000000031e+00 -3.822523901282922631e-01 9.240579582695058747e-01 0.000000000000000000e+00 -2.643273999999999901e+00 0.000000000000000000e+00 0.000000000000000000e+00 1.000000000000000000e+00 0.000000000000000000e+00
9.754975707165103316e-01 2.200102032320024603e-01 0.000000000000000000e+00 -3.672057199999999799e+00 -2.200102032320024603e-01 9.754975707165103316e-01 0.000000000000000000e+00 -2.238767900000000033e+00 0.000000000000000000e+00 0.000000000000000000e+00 1.000000000000000000e+00 0.000000000000000000e+00
9.985677353898438913e-01 5.350212928845566457e-02 0.000000000000000000e+00 -3.476976200000000183e+00 -5.350212928845566457e-02 9.985677353898438913e-01 0.000000000000000000e+00 -1.809675200000000039e+00 0.000000000000000000e+00 0.000000000000000000e+00 1.000000000000000000e+00 0.000000000000000000e+00
9.991251447150102383e-01 4.182039213362008512e-02 0.000000000000000000e+00 -3.339344999999999786e+00 -4.182039213362008512e-02 9.991251447150102383e-01 0.000000000000000000e+00 -1.392388500000000029e+00 0.000000000000000000e+00 0.000000000000000000e+00 1.000000000000000000e+00 0.000000000000000000e+00
9.997253589862449275e-01 2.343515734582730589e-02 0.000000000000000000e+00 -3.279626100000000211e+00 -2.343515734582730589e-02 9.997253589862449275e-01 0.000000000000000000e+00 -8.170591600000000065e-01 0.000000000000000000e+00 0.000000000000000000e+00 1.000000000000000000e+00 0.000000000000000000e+00
-9.990025710037298001e-01 -4.465269452046354698e-02 0.000000000000000000e+00 -3.317105800000000215e+00 4.465269452046354698e-02 -9.990025710037298001e-01 0.000000000000000000e+00 -9.677962700000000140e-01 0.000000000000000000e+00 0.000000000000000000e+00 1.000000000000000000e+00 0.000000000000000000e+00
9.924051906685565916e-01 -1.230119406159655149e-01 0.000000000000000000e+00 -3.425657300000000127e+00 1.230119406159655149e-01 9.924051906685565916e-01 0.000000000000000000e+00 -2.268252000000000046e-01 0.000000000000000000e+00 0.000000000000000000e+00 1.000000000000000000e+00 0.000000000000000000e+00
9.540136760492743395e-01 -2.997630829687844001e-01 0.000000000000000000e+00 -3.553030000000000133e+00 2.997630829687844001e-01 9.540136760492743395e-01 0.000000000000000000e+00 2.115955999999999948e-01 0.000000000000000000e+00 0.000000000000000000e+00 1.000000000000000000e+00 0.000000000000000000e+00
9.222829714128946144e-01 -3.865153562820004551e-01 0.000000000000000000e+00 -3.625906200000000190e+00 3.865153562820004551e-01 9.222829714128946144e-01 0.000000000000000000e+00 7.809911400000000281e-01 0.000000000000000000e+00 0.000000000000000000e+00 1.000000000000000000e+00 0.000000000000000000e+00
8.791411532554996855e-01 -4.765614678638948609e-01 0.000000000000000000e+00 -3.760029299999999797e+00 4.765614678638948609e-01 8.791411532554996855e-01 0.000000000000000000e+00 1.322943999999999898e+00 0.000000000000000000e+00 0.000000000000000000e+00 1.000000000000000000e+00 0.000000000000000000e+00
8.522245646777336647e-01 -5.231761571018382906e-01 0.000000000000000000e+00 -4.068546999999999692e+00 5.231761571018382906e-01 8.522245646777336647e-01 0.000000000000000000e+00 1.719803699999999935e+00 0.000000000000000000e+00 0.000000000000000000e+00 1.000000000000000000e+00 0.000000000000000000e+00
8.405193023798294139e-01 -5.417816002107536111e-01 0.000000000000000000e+00 -4.311434000000000211e+00 5.417816002107536111e-01 8.405193023798294139e-01 0.000000000000000000e+00 2.039318999999999882e+00 0.000000000000000000e+00 0.000000000000000000e+00 1.000000000000000000e+00 0.000000000000000000e+00
7.731293795040947714e-01 -6.342483445367543826e-01 0.000000000000000000e+00 -4.441935499999999593e+00 6.342483445367543826e-01 7.731293795040947714e-01 0.000000000000000000e+00 2.639182599999999823e+00 0.000000000000000000e+00 0.000000000000000000e+00 1.000000000000000000e+00 0.000000000000000000e+00
6.926394420238644045e-01 -7.212839963238265595e-01 0.000000000000000000e+00 -4.784234500000000168e+00 7.212839963238265595e-01 6.926394420238644045e-01 0.000000000000000000e+00 2.988226699999999791e+00 0.000000000000000000e+00 0.000000000000000000e+00 1.000000000000000000e+00 0.000000000000000000e+00
6.768485556811528747e-01 -7.361222946442644854e-01 0.000000000000000000e+00 -5.182805000000000106e+00 7.361222946442644854e-01 6.768485556811528747e-01 0.000000000000000000e+00 3.426390399999999836e+00 0.000000000000000000e+00 0.000000000000000000e+00 1.000000000000000000e+00 0.000000000000000000e+00
6.166191653008645801e-01 -7.872615861222145295e-01 0.000000000000000000e+00 -5.453511699999999962e+00 7.872615861222145295e-01 6.166191653008645801e-01 0.000000000000000000e+00 3.804317499999999797e+00 0.000000000000000000e+00 0.000000000000000000e+00 1.000000000000000000e+00 0.000000000000000000e+00
6.393833684090818315e-01 -7.688880986215460567e-01 0.000000000000000000e+00 -5.874851999999999741e+00 7.688880986215460567e-01 6.393833684090818315e-01 0.000000000000000000e+00 4.044986699999999935e+00 0.000000000000000000e+00 0.000000000000000000e+00 1.000000000000000000e+00 0.000000000000000000e+00
4.735643655852401213e-01 -8.807592132063388757e-01 0.000000000000000000e+00 -6.206319999999999837e+00 8.807592132063388757e-01 4.735643655852401213e-01 0.000000000000000000e+00 4.392255999999999716e+00 0.000000000000000000e+00 0.000000000000000000e+00 1.000000000000000000e+00 0.000000000000000000e+00
4.242662320704252976e-01 -9.055375002310859234e-01 0.000000000000000000e+00 -6.383509600000000006e+00 9.055375002310859234e-01 4.242662320704252976e-01 0.000000000000000000e+00 4.642214000000000063e+00 0.000000000000000000e+00 0.000000000000000000e+00 1.000000000000000000e+00 0.000000000000000000e+00
3.145455061320067691e-01 -9.492423950562678403e-01 0.000000000000000000e+00 -6.782424400000000020e+00 9.492423950562678403e-01 3.145455061320067691e-01 0.000000000000000000e+00 4.730623699999999765e+00 0.000000000000000000e+00 0.000000000000000000e+00 1.000000000000000000e+00 0.000000000000000000e+00
2.077087298876217347e-01 -9.781907194041818965e-01 0.000000000000000000e+00 -7.201095600000000374e+00 9.781907194041818965e-01 2.077087298876217347e-01 0.000000000000000000e+00 5.095556300000000149e+00 0.000000000000000000e+00 0.000000000000000000e+00 1.000000000000000000e+00 0.000000000000000000e+00
6.485387052297367227e-02 -9.978947717460942002e-01 0.000000000000000000e+00 -7.764559700000000397e+00 9.978947717460942002e-01 6.485387052297367227e-02 0.000000000000000000e+00 5.249792000000000236e+00 0.000000000000000000e+00 0.000000000000000000e+00 1.000000000000000000e+00 0.000000000000000000e+00
-4.727605212188355777e-02 -9.988818623319620782e-01 0.000000000000000000e+00 -8.149535999999999447e+00 9.988818623319620782e-01 -4.727605212188355777e-02 0.000000000000000000e+00 5.209967599999999699e+00 0.000000000000000000e+00 0.000000000000000000e+00 1.000000000000000000e+00 0.000000000000000000e+00
-4.704749850634744601e-01 -8.824133319649717366e-01 0.000000000000000000e+00 -8.681820999999999344e+00 8.824133319649717366e-01 -4.704749850634744601e-01 0.000000000000000000e+00 5.177335300000000196e+00 0.000000000000000000e+00 0.000000000000000000e+00 1.000000000000000000e+00 0.000000000000000000e+00
-5.899101643458037891e-01 -8.074688836119363611e-01 0.000000000000000000e+00 -9.034807000000000698e+00 8.074688836119363611e-01 -5.899101643458037891e-01 0.000000000000000000e+00 5.037301000000000251e+00 0.000000000000000000e+00 0.000000000000000000e+00 1.000000000000000000e+00 0.000000000000000000e+00
7.422156774215687980e-01 -6.701610912233280093e-01 0.000000000000000000e+00 -8.899003999999999692e+00 6.701610912233280093e-01 7.422156774215687980e-01 0.000000000000000000e+00 5.049172000000000438e+00 0.000000000000000000e+00 0.000000000000000000e+00 1.000000000000000000e+00 0.000000000000000000e+00
-9.216387121055580334e-01 -3.880490746650586131e-01 0.000000000000000000e+00 -9.081137000000000015e+00 3.880490746650586131e-01 -9.216387121055580334e-01 0.000000000000000000e+00 4.711914000000000158e+00 0.000000000000000000e+00 0.000000000000000000e+00 1.000000000000000000e+00 0.000000000000000000e+00
-9.995221061892350933e-01 -3.091212123157087779e-02 0.000000000000000000e+00 -9.238360000000000127e+00 3.091212123157087779e-02 -9.995221061892350933e-01 0.000000000000000000e+00 4.399541400000000380e+00 0.000000000000000000e+00 0.000000000000000000e+00 1.000000000000000000e+00 0.000000000000000000e+00
-9.499366485931920456e-01 3.124425765793362730e-01 0.000000000000000000e+00 -9.243518999999999153e+00 -3.124425765793362730e-01 -9.499366485931920456e-01 0.000000000000000000e+00 3.915518800000000077e+00 0.000000000000000000e+00 0.000000000000000000e+00 1.000000000000000000e+00 0.000000000000000000e+00
-7.427167861187800035e-01 6.696056866674523489e-01 0.000000000000000000e+00 -8.970591000000000648e+00 -6.696056866674523489e-01 -7.427167861187800035e-01 0.000000000000000000e+00 3.526772300000000193e+00 0.000000000000000000e+00 0.000000000000000000e+00 1.000000000000000000e+00 0.000000000000000000e+00
-4.871103654653373138e-01 8.733404215174204177e-01 0.000000000000000000e+00 -8.500010500000000135e+00 -8.733404215174204177e-01 -4.871103654653373138e-01 0.000000000000000000e+00 3.368097000000000119e+00 0.000000000000000000e+00 0.000000000000000000e+00 1.000000000000000000e+00 0.000000000000000000e+00
-2.985483485747733590e-01 9.543945114905447724e-01 0.000000000000000000e+00 -7.923295000000000421e+00 -9.543945114905447724e-01 -2.985483485747733590e-01 0.000000000000000000e+00 3.103395700000000090e+00 0.000000000000000000e+00 0.000000000000000000e+00 1.000000000000000000e+00 0.000000000000000000e+00
-3.480164434583233463e-02 9.993942393024016768e-01 0.000000000000000000e+00 -7.385452299999999859e+00 -9.993942393024016768e-01 -3.480164434583233463e-02 0.000000000000000000e+00 3.049257799999999907e+00 0.000000000000000000e+00 0.000000000000000000e+00 1.000000000000000000e+00 0.000000000000000000e+00
3.183130333679843882e-01 9.479856606447549794e-01 0.000000000000000000e+00 -7.100749999999999673e+00 -9.479856606447549794e-01 3.183130333679843882e-01 0.000000000000000000e+00 3.282551499999999844e+00 0.000000000000000000e+00 0.000000000000000000e+00 1.000000000000000000e+00 0.000000000000000000e+00
6.412338450311392268e-01 7.673455258138806023e-01 0.000000000000000000e+00 -6.746521999999999686e+00 -7.673455258138806023e-01 6.412338450311392268e-01 0.000000000000000000e+00 3.639187600000000078e+00 0.000000000000000000e+00 0.000000000000000000e+00 1.000000000000000000e+00 0.000000000000000000e+00
-8.847242939804917938e-01 -4.661147108177560172e-01 0.000000000000000000e+00 -6.395512000000000086e+00 4.661147108177560172e-01 -8.847242939804917938e-01 0.000000000000000000e+00 3.959623800000000138e+00 0.000000000000000000e+00 0.000000000000000000e+00 1.000000000000000000e+00 0.000000000000000000e+00
-9.772070152340385230e-01 -2.122885992637891517e-01 0.000000000000000000e+00 -6.269372500000000237e+00 2.122885992637891517e-01 -9.772070152340385230e-01 0.000000000000000000e+00 4.663823599999999736e+00 0.000000000000000000e+00 0.000000000000000000e+00 1.000000000000000000e+00 0.000000000000000000e+00
-9.860868884153425329e-01 1.662307086411769497e-01 0.000000000000000000e+00 -6.352410299999999843e+00 -1.662307086411769497e-01 -9.860868884153425329e-01 0.000000000000000000e+00 5.135514699999999877e+00 0.000000000000000000e+00 0.000000000000000000e+00 1.000000000000000000e+00 0.000000000000000000e+00
-8.852650859733918187e-01 4.650867957236834438e-01 0.000000000000000000e+00 -6.335047699999999615e+00 -4.650867957236834438e-01 -8.852650859733918187e-01 0.000000000000000000e+00 5.674265400000000348e+00 0.000000000000000000e+00 0.000000000000000000e+00 1.000000000000000000e+00 0.000000000000000000e+00
-6.923854736657499842e-01 7.215277928511520944e-01 0.000000000000000000e+00 -6.576407399999999903e+00 -7.215277928511520944e-01 -6.923854736657499842e-01 0.000000000000000000e+00 5.980828299999999764e+00 0.000000000000000000e+00 0.000000000000000000e+00 1.000000000000000000e+00 0.000000000000000000e+00
-3.266293082120288460e-01 9.451525247371089788e-01 0.000000000000000000e+00 -7.009933000000000192e+00 -9.451525247371089788e-01 -3.266293082120288460e-01 0.000000000000000000e+00 6.306057000000000023e+00 0.000000000000000000e+00 0.000000000000000000e+00 1.000000000000000000e+00 0.000000000000000000e+00
-4.148561305166699464e-03 9.999913946825228495e-01 0.000000000000000000e+00 -7.349752999999999759e+00 -9.999913946825228495e-01 -4.148561305166699464e-03 0.000000000000000000e+00 6.494458700000000029e+00 0.000000000000000000e+00 0.000000000000000000e+00 1.000000000000000000e+00 0.000000000000000000e+00
5.716932412033843836e-01 8.204674508853895265e-01 0.000000000000000000e+00 -7.763393999999999906e+00 -8.204674508853895265e-01 5.716932412033843836e-01 0.000000000000000000e+00 6.430441400000000307e+00 0.000000000000000000e+00 0.000000000000000000e+00 1.000000000000000000e+00 0.000000000000000000e+00
8.272737158258184342e-01 5.617990736052730361e-01 0.000000000000000000e+00 -8.113022000000000844e+00 -5.617990736052730361e-01 8.272737158258184342e-01 0.000000000000000000e+00 6.253980999999999568e+00 0.000000000000000000e+00 0.000000000000000000e+00 1.000000000000000000e+00 0.000000000000000000e+00
9.397988309708147359e-01 3.417281921438293790e-01 0.000000000000000000e+00 -8.217964999999999520e+00 -3.417281921438293790e-01 9.397988309708147359e-01 0.000000000000000000e+00 5.918006400000000333e+00 0.000000000000000000e+00 0.000000000000000000e+00 1.000000000000000000e+00 0.000000000000000000e+00
9.999757669283754202e-01 6.961720764828924386e-03 0.000000000000000000e+00 -8.196754999999999569e+00 -6.961720764828924386e-03 9.999757669283754202e-01 0.000000000000000000e+00 5.949539999999999829e+00 0.000000000000000000e+00 0.000000000000000000e+00 1.000000000000000000e+00 0.000000000000000000e+00
9.941908069933295122e-01 1.076319622136110987e-01 0.000000000000000000e+00 -8.195731999999999573e+00 -1.076319622136110987e-01 9.941908069933295122e-01 0.000000000000000000e+00 5.450088000000000044e+00 0.000000000000000000e+00 0.000000000000000000e+00 1.000000000000000000e+00 0.000000000000000000e+00
9.992157494638234105e-01 3.959654054901494413e-02 0.000000000000000000e+00 -8.275363000000000469e+00 -3.959654054901494413e-02 9.992157494638234105e-01 0.000000000000000000e+00 4.948808999999999791e+00 0.000000000000000000e+00 0.000000000000000000e+00 1.000000000000000000e+00 0.000000000000000000e+00
9.995602521688976561e-01 -2.965303161650975280e-02 0.000000000000000000e+00 -8.264379500000000434e+00 2.965303161650975280e-02 9.995602521688976561e-01 0.000000000000000000e+00 4.446605700000000105e+00 0.000000000000000000e+00 0.000000000000000000e+00 1.000000000000000000e+00 0.000000000000000000e+00
9.992964089027478458e-01 -3.750582826804493841e-02 0.000000000000000000e+00 -8.261475000000000790e+00 3.750582826804493841e-02 9.992964089027478458e-01 0.000000000000000000e+00 4.039947500000000247e+00 0.000000000000000000e+00 0.000000000000000000e+00 1.000000000000000000e+00 0.000000000000000000e+00
9.946177173453629727e-01 -1.036127228804443051e-01 0.000000000000000000e+00 -8.208434999999999704e+00 1.036127228804443051e-01 9.946177173453629727e-01 0.000000000000000000e+00 3.456637900000000041e+00 0.000000000000000000e+00 0.000000000000000000e+00 1.000000000000000000e+00 0.000000000000000000e+00
9.997726420201091813e-01 2.132285787905955493e-02 0.000000000000000000e+00 -8.110764500000000155e+00 -2.132285787905955493e-02 9.997726420201091813e-01 0.000000000000000000e+00 2.840098600000000140e+00 0.000000000000000000e+00 0.000000000000000000e+00 1.000000000000000000e+00 0.000000000000000000e+00
9.993320988790262982e-01 3.654252522801335751e-02 0.000000000000000000e+00 -8.070804000000000755e+00 -3.654252522801335751e-02 9.993320988790262982e-01 0.000000000000000000e+00 2.149558799999999881e+00 0.000000000000000000e+00 0.000000000000000000e+00 1.000000000000000000e+00 0.000000000000000000e+00
9.999850119927993219e-01 5.475015046647696733e-03 0.000000000000000000e+00 -8.087263999999999342e+00 -5.475015046647696733e-03 9.999850119927993219e-01 0.000000000000000000e+00 1.721419999999999950e+00 0.000000000000000000e+00 0.000000000000000000e+00 1.000000000000000000e+00 0.000000000000000000e+00
9.923678659818307990e-01 -1.233126861546168379e-01 0.000000000000000000e+00 -8.079478999999999189e+00 1.233126861546168379e-01 9.923678659818307990e-01 0.000000000000000000e+00 1.169734599999999958e+00 0.000000000000000000e+00 0.000000000000000000e+00 1.000000000000000000e+00 0.000000000000000000e+00
9.998265953829230668e-01 -1.862200754463887165e-02 0.000000000000000000e+00 -8.032277999999999807e+00 1.862200754463887165e-02 9.998265953829230668e-01 0.000000000000000000e+00 5.583402499999999824e-01 0.000000000000000000e+00 0.000000000000000000e+00 1.000000000000000000e+00 0.000000000000000000e+00
9.920388828161293970e-01 1.259319458315720230e-01 0.000000000000000000e+00 -7.984216700000000166e+00 -1.259319458315720230e-01 9.920388828161293970e-01 0.000000000000000000e+00 1.142305299999999968e-01 0.000000000000000000e+00 0.000000000000000000e+00 1.000000000000000000e+00 0.000000000000000000e+00
9.880470136053873809e-01 1.541528426772451332e-01 0.000000000000000000e+00 -8.126540999999999570e+00 -1.541528426772451332e-01 9.880470136053873809e-01 0.000000000000000000e+00 -4.272428799999999915e-01 0.000000000000000000e+00 0.000000000000000000e+00 1.000000000000000000e+00 0.000000000000000000e+00
9.990050177830004374e-01 4.459791973160893291e-02 0.000000000000000000e+00 -8.172829999999999373e+00 -4.459791973160893291e-02 9.990050177830004374e-01 0.000000000000000000e+00 -8.680246999999999824e-01 0.000000000000000000e+00 0.000000000000000000e+00 1.000000000000000000e+00 0.000000000000000000e+00
9.997457247985246376e-01 -2.254962853513701668e-02 0.000000000000000000e+00 -8.238804999999999268e+00 2.254962853513701668e-02 9.997457247985246376e-01 0.000000000000000000e+00 -1.510745900000000086e+00 0.000000000000000000e+00 0.000000000000000000e+00 1.000000000000000000e+00 0.000000000000000000e+00
9.757771091767815097e-01 -2.187670752343768288e-01 0.000000000000000000e+00 -8.434907000000000821e+00 2.187670752343768288e-01 9.757771091767815097e-01 0.000000000000000000e+00 -2.026504500000000153e+00 0.000000000000000000e+00 0.000000000000000000e+00 1.000000000000000000e+00 0.000000000000000000e+00
9.902583047266215743e-01 -1.392425578620185567e-01 0.000000000000000000e+00 -8.301811999999999969e+00 1.392425578620185567e-01 9.902583047266215743e-01 0.000000000000000000e+00 -2.535279800000000083e+00 0.000000000000000000e+00 0.000000000000000000e+00 1.000000000000000000e+00 0.000000000000000000e+00
9.995864348313948655e-01 2.875690006001386037e-02 0.000000000000000000e+00 -8.207110999999999379e+00 -2.875690006001386037e-02 9.995864348313948655e-01 0.000000000000000000e+00 -3.068225599999999886e+00 0.000000000000000000e+00 0.000000000000000000e+00 1.000000000000000000e+00 0.000000000000000000e+00
9.955940201225322861e-01 -9.376858267167520467e-02 0.000000000000000000e+00 -8.217178000000000537e+00 9.376858267167520467e-02 9.955940201225322861e-01 0.000000000000000000e+00 -3.761889000000000038e+00 0.000000000000000000e+00 0.000000000000000000e+00 1.000000000000000000e+00 0.000000000000000000e+00
9.918035940969944786e-01 -1.277717916297813616e-01 0.000000000000000000e+00 -7.985049199999999736e+00 1.277717916297813616e-01 9.918035940969944786e-01 0.000000000000000000e+00 -4.157428000000000345e+00 0.000000000000000000e+00 0.000000000000000000e+00 1.000000000000000000e+00 0.000000000000000000e+00
9.666171595011371354e-01 -2.562250318722844589e-01 0.000000000000000000e+00 -8.046906999999999144e+00 2.562250318722844589e-01 9.666171595011371354e-01 0.000000000000000000e+00 -4.162319700000000289e+00 0.000000000000000000e+00 0.000000000000000000e+00 1.000000000000000000e+00 0.000000000000000000e+00
9.331363079766558100e-01 -3.595227819425296234e-01 0.000000000000000000e+00 -7.856055999999999706e+00 3.595227819425296234e-01 9.331363079766558100e-01 0.000000000000000000e+00 -4.595244400000000340e+00 0.000000000000000000e+00 0.000000000000000000e+00 1.000000000000000000e+00 0.000000000000000000e+00
8.605528847594530184e-01 -5.093611022959876333e-01 0.000000000000000000e+00 -7.533795399999999809e+00 5.093611022959876333e-01 8.605528847594530184e-01 0.000000000000000000e+00 -4.830985499999999710e+00 0.000000000000000000e+00 0.000000000000000000e+00 1.000000000000000000e+00 0.000000000000000000e+00
7.408473460010202016e-01 -6.716734399417954027e-01 0.000000000000000000e+00 -7.154665999999999748e+00 6.716734399417954027e-01 7.408473460010202016e-01 0.000000000000000000e+00 -5.087120500000000156e+00 0.000000000000000000e+00 0.000000000000000000e+00 1.000000000000000000e+00 0.000000000000000000e+00
5.735570620954066889e-01 -8.191656099473938468e-01 0.000000000000000000e+00 -6.794251400000000274e+00 8.191656099473938468e-01 5.735570620954066889e-01 0.000000000000000000e+00 -5.418327999999999811e+00 0.000000000000000000e+00 0.000000000000000000e+00 1.000000000000000000e+00 0.000000000000000000e+00
4.089829202041057044e-01 -9.125420379255533287e-01 0.000000000000000000e+00 -6.442378500000000230e+00 9.125420379255533287e-01 4.089829202041057044e-01 0.000000000000000000e+00 -5.430353600000000114e+00 0.000000000000000000e+00 0.000000000000000000e+00 1.000000000000000000e+00 0.000000000000000000e+00
2.500102359448563849e-01 -9.682431935845442483e-01 0.000000000000000000e+00 -6.084371599999999880e+00 9.682431935845442483e-01 2.500102359448563849e-01 0.000000000000000000e+00 -5.485278600000000004e+00 0.000000000000000000e+00 0.000000000000000000e+00 1.000000000000000000e+00 0.000000000000000000e+00
6.751792262101084796e-02 -9.977180614406773174e-01 0.000000000000000000e+00 -5.781256700000000137e+00 9.977180614406773174e-01 6.751792262101084796e-02 0.000000000000000000e+00 -5.538633299999999871e+00 0.000000000000000000e+00 0.000000000000000000e+00 1.000000000000000000e+00 0.000000000000000000e+00
-1.208261356615258630e-01 -9.926736850249947564e-01 0.000000000000000000e+00 -5.332470999999999961e+00 9.926736850249947564e-01 -1.208261356615258630e-01 0.000000000000000000e+00 -5.424737000000000364e+00 0.000000000000000000e+00 0.000000000000000000e+00 1.000000000000000000e+00 0.000000000000000000e+00
-2.483920950986368004e-01 -9.686595723434058280e-01 0.000000000000000000e+00 -4.978495599999999577e+00 9.686595723434058280e-01 -2.483920950986368004e-01 0.000000000000000000e+00 -5.396470500000000392e+00 0.000000000000000000e+00 0.000000000000000000e+00 1.000000000000000000e+00 0.000000000000000000e+00
3.899582259980293175e-01 9.208325482825148178e-01 0.000000000000000000e+00 -4.531172999999999895e+00 -9.208325482825148178e-01 3.899582259980293175e-01 0.000000000000000000e+00 -5.229414499999999855e+00 0.000000000000000000e+00 0.000000000000000000e+00 1.000000000000000000e+00 0.000000000000000000e+00
4.847605915544301869e-01 8.746468823907159740e-01 0.000000000000000000e+00 -4.217784400000000211e+00 -8.746468823907159740e-01 4.847605915544301869e-01 0.000000000000000000e+00 -4.999793000000000376e+00 0.000000000000000000e+00 0.000000000000000000e+00 1.000000000000000000e+00 0.000000000000000000e+00
5.527509510172482488e-01 8.333464982523941522e-01 0.000000000000000000e+00 -3.848698600000000081e+00 -8.333464982523941522e-01 5.527509510172482488e-01 0.000000000000000000e+00 -4.728727000000000125e+00 0.000000000000000000e+00 0.000000000000000000e+00 1.000000000000000000e+00 0.000000000000000000e+00
6.743123005100212231e-01 7.384462887582839974e-01 0.000000000000000000e+00 -3.410688200000000059e+00 -7.384462887582839974e-01 6.743123005100212231e-01 0.000000000000000000e+00 -4.334795999999999871e+00 0.000000000000000000e+00 0.000000000000000000e+00 1.000000000000000000e+00 0.000000000000000000e+00
8.482728807809760685e-01 5.295593637464490744e-01 0.000000000000000000e+00 -3.316715999999999998e+00 -5.295593637464490744e-01 8.482728807809760685e-01 0.000000000000000000e+00 -4.084501300000000334e+00 0.000000000000000000e+00 0.000000000000000000e+00 1.000000000000000000e+00 0.000000000000000000e+00
9.146968435848326084e-01 4.041406739440418505e-01 0.000000000000000000e+00 -3.172920700000000149e+00 -4.041406739440418505e-01 9.146968435848326084e-01 0.000000000000000000e+00 -3.738274300000000050e+00 0.000000000000000000e+00 0.000000000000000000e+00 1.000000000000000000e+00 0.000000000000000000e+00
9.755150848368655536e-01 2.199325334181438385e-01 0.000000000000000000e+00 -3.144118999999999886e+00 -2.199325334181438385e-01 9.755150848368655536e-01 0.000000000000000000e+00 -3.155803699999999878e+00 0.000000000000000000e+00 0.000000000000000000e+00 1.000000000000000000e+00 0.000000000000000000e+00
9.895080485863168018e-01 1.444777553220538413e-01 0.000000000000000000e+00 -3.027115799999999801e+00 -1.444777553220538413e-01 9.895080485863168018e-01 0.000000000000000000e+00 -2.564652399999999943e+00 0.000000000000000000e+00 0.000000000000000000e+00 1.000000000000000000e+00 0.000000000000000000e+00
9.991388428289572632e-01 4.149183956409143587e-02 0.000000000000000000e+00 -2.945159199999999977e+00 -4.149183956409143587e-02 9.991388428289572632e-01 0.000000000000000000e+00 -2.313942200000000060e+00 0.000000000000000000e+00 0.000000000000000000e+00 1.000000000000000000e+00 0.000000000000000000e+00
-9.968216973557390004e-01 7.966494637432063042e-02 0.000000000000000000e+00 -3.118732500000000130e+00 -7.966494637432063042e-02 -9.968216973557390004e-01 0.000000000000000000e+00 -1.797596999999999889e+00 0.000000000000000000e+00 0.000000000000000000e+00 1.000000000000000000e+00 0.000000000000000000e+00
