9.999999987708617644e-01 4.958100997968602810e-05 0.000000000000000000e+00 -8.000000000000000000e+00 -4.958100997968602810e-05 9.999999987708617644e-01 0.000000000000000000e+00 5.000000000000000000e+00 0.000000000000000000e+00 0.000000000000000000e+00 1.000000000000000000e+00 0.000000000000000000e+00
9.972697496372807668e-01 -7.384474563836775085e-02 0.000000000000000000e+00 -8.010657999999999390e+00 7.384474563836775085e-02 9.972697496372807668e-01 0.000000000000000000e+00 4.603821800000000408e+00 0.000000000000000000e+00 0.000000000000000000e+00 1.000000000000000000e+00 0.000000000000000000e+00
9.886422481113212868e-01 -1.502880742088096577e-01 0.000000000000000000e+00 -7.988064299999999562e+00 1.502880742088096577e-01 9.886422481113212868e-01 0.000000000000000000e+00 4.208872300000000344e+00 0.000000000000000000e+00 0.000000000000000000e+00 1.000000000000000000e+00 0.000000000000000000e+00
9.623193516556493021e-01 -2.719218002092710917e-01 0.000000000000000000e+00 -7.900648600000000243e+00 2.719218002092710917e-01 9.623193516556493021e-01 0.000000000000000000e+00 3.876171799999999834e+00 0.000000000000000000e+00 0.000000000000000000e+00 1.000000000000000000e+00 0.000000000000000000e+00
9.295417128561731523e-01 -3.687169701280532674e-01 0.000000000000000000e+00 -7.758498000000000339e+00 3.687169701280532674e-01 9.295417128561731523e-01 0.000000000000000000e+00 3.555316400000000154e+00 0.000000000000000000e+00 0.000000000000000000e+00 1.000000000000000000e+00 0.000000000000000000e+00
8.559927867366445842e-01 -5.169877648985837792e-01 0.000000000000000000e+00 -7.578954999999999664e+00 5.169877648985837792e-01 8.559927867366445842e-01 0.000000000000000000e+00 3.090927399999999992e+00 0.000000000000000000e+00 0.000000000000000000e+00 1.000000000000000000e+00 0.000000000000000000e+00
8.758543732587014130e-01 -4.825755037749090426e-01 0.000000000000000000e+00 -7.159217400000000175e+00 4.825755037749090426e-01 8.758543732587014130e-01 0.000000000000000000e+00 2.713587799999999994e+00 0.000000000000000000e+00 0.000000000000000000e+00 1.000000000000000000e+00 0.000000000000000000e+00
8.665781113383922429e-01 -4.990414581467005894e-01 0.000000000000000000e+00 -6.909422400000000408e+00 4.990414581467005894e-01 8.665781113383922429e-01 0.000000000000000000e+00 2.308822999999999848e+00 0.000000000000000000e+00 0.000000000000000000e+00 1.000000000000000000e+00 0.000000000000000000e+00
7.797347556338689589e-01 -6.261099830354014406e-01 0.000000000000000000e+00 -6.651837300000000397e+00 6.261099830354014406e-01 7.797347556338689589e-01 0.000000000000000000e+00 1.970357300000000089e+00 0.000000000000000000e+00 0.000000000000000000e+00 1.000000000000000000e+00 0.000000000000000000e+00
7.098510577568009072e-01 -7.043518125209524694e-01 0.000000000000000000e+00 -6.361171699999999873e+00 7.043518125209524694e-01 7.098510577568009072e-01 0.000000000000000000e+00 1.570661300000000038e+00 0.000000000000000000e+00 0.000000000000000000e+00 1.000000000000000000e+00 0.000000000000000000e+00
6.735897554971442824e-01 -7.391054331347439721e-01 0.000000000000000000e+00 -5.962874399999999575e+00 7.391054331347439721e-01 6.735897554971442824e-01 0.000000000000000000e+00 1.335684899999999953e+00 0.000000000000000000e+00 0.000000000000000000e+00 1.000000000000000000e+00 0.000000000000000000e+00
7.688673947390308738e-01 -6.394082649663009876e-01 0.000000000000000000e+00 -5.719810500000000353e+00 6.394082649663009876e-01 7.688673947390308738e-01 0.000000000000000000e+00 1.015170099999999964e+00 0.000000000000000000e+00 0.000000000000000000e+00 1.000000000000000000e+00 0.000000000000000000e+00
7.457380408265291694e-01 -6.662392771851640694e-01 0.000000000000000000e+00 -5.378961999999999577e+00 6.662392771851640694e-01 7.457380408265291694e-01 0.000000000000000000e+00 7.410123299999999968e-01 0.000000000000000000e+00 0.000000000000000000e+00 1.000000000000000000e+00 0.000000000000000000e+00
7.001989260191504583e-01 -7.139478020147048687e-01 0.000000000000000000e+00 -5.114495800000000258e+00 7.139478020147048687e-01 7.001989260191504583e-01 0.000000000000000000e+00 2.084132099999999876e-01 0.000000000000000000e+00 0.000000000000000000e+00 1.000000000000000000e+00 0.000000000000000000e+00
5.488655476829025215e-01 -8.359106474777956430e-01 0.000000000000000000e+00 -4.777362000000000108e+00 8.359106474777956430e-01 5.488655476829025215e-01 0.000000000000000000e+00 8.500470000000000248e-02 0.000000000000000000e+00 0.000000000000000000e+00 1.000000000000000000e+00 0.000000000000000000e+00
5.461698516189050778e-01 -8.376744553718844521e-01 0.000000000000000000e+00 -4.369818699999999723e+00 8.376744553718844521e-01 5.461698516189050778e-01 0.000000000000000000e+00 -2.031457299999999966e-01 0.000000000000000000e+00 0.000000000000000000e+00 1.000000000000000000e+00 0.000000000000000000e+00
4.416369041266804407e-01 -8.971938725344713594e-01 0.000000000000000000e+00 -4.180118600000000129e+00 8.971938725344713594e-01 4.416369041266804407e-01 0.000000000000000000e+00 -4.341472699999999740e-01 0.000000000000000000e+00 0.000000000000000000e+00 1.000000000000000000e+00 0.000000000000000000e+00
4.154467849006737712e-01 -9.096174849439149224e-01 0.000000000000000000e+00 -3.595021500000000092e+00 9.096174849439149224e-01 4.154467849006737712e-01 0.000000000000000000e+00 -6.080967999999999929e-01 0.000000000000000000e+00 0.000000000000000000e+00 1.000000000000000000e+00 0.000000000000000000e+00
4.775061105673632511e-01 -8.786284279323250956e-01 0.000000000000000000e+00 -3.238875999999999866e+00 8.786284279323250956e-01 4.775061105673632511e-01 0.000000000000000000e+00 -9.066222299999999734e-01 0.000000000000000000e+00 0.000000000000000000e+00 1.000000000000000000e+00 0.000000000000000000e+00
4.661714033338176799e-01 -8.846944233540635638e-01 0.000000000000000000e+00 -2.879862000000000144e+00 8.846944233540635638e-01 4.661714033338176799e-01 0.000000000000000000e+00 -8.982178600000000346e-01 0.000000000000000000e+00 0.000000000000000000e+00 1.000000000000000000e+00 0.000000000000000000e+00
3.411202088074636873e-01 -9.400196823168929239e-01 0.000000000000000000e+00 -2.956622100000000142e+00 9.400196823168929239e-01 3.411202088074636873e-01 0.000000000000000000e+00 -1.018224100000000076e+00 0.000000000000000000e+00 0.000000000000000000e+00 1.000000000000000000e+00 0.000000000000000000e+00
2.307341522387647281e-01 -9.730168297571519798e-01 0.000000000000000000e+00 -2.665794800000000020e+00 9.730168297571519798e-01 2.307341522387647281e-01 0.000000000000000000e+00 -1.004064199999999962e+00 0.000000000000000000e+00 0.000000000000000000e+00 1.000000000000000000e+00 0.000000000000000000e+00
1.059193701759905681e-01 -9.943747216324042570e-01 0.000000000000000000e+00 -2.176620199999999894e+00 9.943747216324042570e-01 1.059193701759905681e-01 0.000000000000000000e+00 -1.003117199999999931e+00 0.000000000000000000e+00 0.000000000000000000e+00 1.000000000000000000e+00 0.000000000000000000e+00
-1.121442721615641125e-01 -9.936919352703598163e-01 0.000000000000000000e+00 -1.762451800000000013e+00 9.936919352703598163e-01 -1.121442721615641125e-01 0.000000000000000000e+00 -9.065256999999999898e-01 0.000000000000000000e+00 0.000000000000000000e+00 1.000000000000000000e+00 0.000000000000000000e+00
-2.717978061883319918e-01 -9.623543799200011684e-01 0.000000000000000000e+00 -1.327945699999999896e+00 9.623543799200011684e-01 -2.717978061883319918e-01 0.000000000000000000e+00 -8.237014000000000280e-01 0.000000000000000000e+00 0.000000000000000000e+00 1.000000000000000000e+00 0.000000000000000000e+00
-4.072455642625197880e-01 -9.133187014336791032e-01 0.000000000000000000e+00 -1.018573900000000032e+00 9.133187014336791032e-01 -4.072455642625197880e-01 0.000000000000000000e+00 -6.279521000000000130e-01 0.000000000000000000e+00 0.000000000000000000e+00 1.000000000000000000e+00 0.000000000000000000e+00
-5.564807334250407855e-01 -8.308605137607206759e-01 0.000000000000000000e+00 -8.483259699999999848e-01 8.308605137607206759e-01 -5.564807334250407855e-01 0.000000000000000000e+00 -3.815908700000000264e-01 0.000000000000000000e+00 0.000000000000000000e+00 1.000000000000000000e+00 0.000000000000000000e+00
-6.394243904392371558e-01 -7.688539841292428845e-01 0.000000000000000000e+00 -6.848572499999999730e-01 7.688539841292428845e-01 -6.394243904392371558e-01 0.000000000000000000e+00 -1.712984700000000082e-01 0.000000000000000000e+00 0.000000000000000000e+00 1.000000000000000000e+00 0.000000000000000000e+00
-7.923282304991651204e-01 -6.100950541957063100e-01 0.000000000000000000e+00 -4.337051800000000235e-01 6.100950541957063100e-01 -7.923282304991651204e-01 0.000000000000000000e+00 1.802047499999999969e-01 0.000000000000000000e+00 0.000000000000000000e+00 1.000000000000000000e+00 0.000000000000000000e+00
-8.926922844931067802e-01 -4.506667118908141423e-01 0.000000000000000000e+00 -1.093438800000000044e-01 4.506667118908141423e-01 -8.926922844931067802e-01 0.000000000000000000e+00 5.833933999999999509e-01 0.000000000000000000e+00 0.000000000000000000e+00 1.000000000000000000e+00 0.000000000000000000e+00
9.241062179120369535e-01 3.821357062828740214e-01 0.000000000000000000e+00 2.278775499999999982e-02 -3.821357062828740214e-01 9.241062179120369535e-01 0.000000000000000000e+00 9.013037699999999486e-01 0.000000000000000000e+00 0.000000000000000000e+00 1.000000000000000000e+00 0.000000000000000000e+00
9.568391166893971400e-01 2.906181425394055995e-01 0.000000000000000000e+00 1.419367500000000004e-01 -2.906181425394055995e-01 9.568391166893971400e-01 0.000000000000000000e+00 1.416359700000000110e+00 0.000000000000000000e+00 0.000000000000000000e+00 1.000000000000000000e+00 0.000000000000000000e+00
9.717947947882596971e-01 2.358280662314054532e-01 0.000000000000000000e+00 2.228699299999999939e-01 -2.358280662314054532e-01 9.717947947882596971e-01 0.000000000000000000e+00 1.812155100000000019e+00 0.000000000000000000e+00 0.000000000000000000e+00 1.000000000000000000e+00 0.000000000000000000e+00
9.999876647754010195e-01 4.966920277206837882e-03 0.000000000000000000e+00 3.596829799999999855e-01 -4.966920277206837882e-03 9.999876647754010195e-01 0.000000000000000000e+00 2.049304699999999979e+00 0.000000000000000000e+00 0.000000000000000000e+00 1.000000000000000000e+00 0.000000000000000000e+00
9.800269297725086037e-01 -1.988648207216912600e-01 0.000000000000000000e+00 1.444290699999999927e-01 1.988648207216912600e-01 9.800269297725086037e-01 0.000000000000000000e+00 2.490109200000000023e+00 0.000000000000000000e+00 0.000000000000000000e+00 1.000000000000000000e+00 0.000000000000000000e+00
9.380589480375736144e-01 -3.464756990131354075e-01 0.000000000000000000e+00 -1.407374349999999941e-02 3.464756990131354075e-01 9.380589480375736144e-01 0.000000000000000000e+00 2.951823500000000156e+00 0.000000000000000000e+00 0.000000000000000000e+00 1.000000000000000000e+00 0.000000000000000000e+00
8.654849617400272033e-01 -5.009349069508568508e-01 0.000000000000000000e+00 -2.743584499999999760e-01 5.009349069508568508e-01 8.654849617400272033e-01 0.000000000000000000e+00 3.243323999999999874e+00 0.000000000000000000e+00 0.000000000000000000e+00 1.000000000000000000e+00 0.000000000000000000e+00
7.716805263688475414e-01 -6.360103499339444522e-01 0.000000000000000000e+00 -4.198626599999999987e-01 6.360103499339444522e-01 7.716805263688475414e-01 0.000000000000000000e+00 3.687727999999999895e+00 0.000000000000000000e+00 0.000000000000000000e+00 1.000000000000000000e+00 0.000000000000000000e+00
7.660274737719213745e-01 -6.428078324247521458e-01 0.000000000000000000e+00 -5.982083999999999735e-01 6.428078324247521458e-01 7.660274737719213745e-01 0.000000000000000000e+00 4.084946000000000410e+00 0.000000000000000000e+00 0.000000000000000000e+00 1.000000000000000000e+00 0.000000000000000000e+00
7.499207859963048506e-01 -6.615276371631682029e-01 0.000000000000000000e+00 -9.291538999999999771e-01 6.615276371631682029e-01 7.499207859963048506e-01 0.000000000000000000e+00 4.544290000000000163e+00 0.000000000000000000e+00 0.000000000000000000e+00 1.000000000000000000e+00 0.000000000000000000e+00
-7.609272229302397328e-01 6.488372379909104204e-01 0.000000000000000000e+00 -8.412795699999999766e-01 -6.488372379909104204e-01 -7.609272229302397328e-01 0.000000000000000000e+00 4.402588399999999957e+00 0.000000000000000000e+00 0.000000000000000000e+00 1.000000000000000000e+00 0.000000000000000000e+00
6.359490144600351558e-01 -7.717310742786699373e-01 0.000000000000000000e+00 -1.412806000000000006e+00 7.717310742786699373e-01 6.359490144600351558e-01 0.000000000000000000e+00 4.864728000000000385e+00 0.000000000000000000e+00 0.000000000000000000e+00 1.000000000000000000e+00 0.000000000000000000e+00
4.791777951634805799e-01 -8.777178593501817616e-01 0.000000000000000000e+00 -1.793202500000000033e+00 8.777178593501817616e-01 4.791777951634805799e-01 0.000000000000000000e+00 5.090035000000000309e+00 0.000000000000000000e+00 0.000000000000000000e+00 1.000000000000000000e+00 0.000000000000000000e+00
3.860013194579670626e-01 -9.224982283867587673e-01 0.000000000000000000e+00 -2.226816200000000023e+00 9.224982283867587673e-01 3.860013194579670626e-01 0.000000000000000000e+00 5.444314499999999946e+00 0.000000000000000000e+00 0.000000000000000000e+00 1.000000000000000000e+00 0.000000000000000000e+00
2.798693513982533632e-01 -9.600380961961462178e-01 0.000000000000000000e+00 -2.688345200000000101e+00 9.600380961961462178e-01 2.798693513982533632e-01 0.000000000000000000e+00 5.731363299999999938e+00 0.000000000000000000e+00 0.000000000000000000e+00 1.000000000000000000e+00 0.000000000000000000e+00
2.170012051774133366e-01 -9.761713358583882227e-01 0.000000000000000000e+00 -3.172678200000000004e+00 9.761713358583882227e-01 2.170012051774133366e-01 0.000000000000000000e+00 5.786631999999999998e+00 0.000000000000000000e+00 0.000000000000000000e+00 1.000000000000000000e+00 0.000000000000000000e+00
1.859032129940962341e-01 -9.825680614585798889e-01 0.000000000000000000e+00 -3.556041000000000007e+00 9.825680614585798889e-01 1.859032129940962341e-01 0.000000000000000000e+00 5.829964000000000368e+00 0.000000000000000000e+00 0.000000000000000000e+00 1.000000000000000000e+00 0.000000000000000000e+00
6.005685845011421442e-02 -9.981949577878577173e-01 0.000000000000000000e+00 -4.065387000000000306e+00 9.981949577878577173e-01 6.005685845011421442e-02 0.000000000000000000e+00 6.144123999999999697e+00 0.000000000000000000e+00 0.000000000000000000e+00 1.000000000000000000e+00 0.000000000000000000e+00
-6.846936918542478878e-02 -9.976532190512643616e-01 0.000000000000000000e+00 -4.538119000000000014e+00 9.976532190512643616e-01 -6.846936918542478878e-02 0.000000000000000000e+00 6.126268399999999836e+00 0.000000000000000000e+00 0.000000000000000000e+00 1.000000000000000000e+00 0.000000000000000000e+00
-9.760832009726937153e-02 -9.952249071681179560e-01 0.000000000000000000e+00 -5.114122000000000057e+00 9.952249071681179560e-01 -9.760832009726937153e-02 0.000000000000000000e+00 6.122008300000000069e+00 0.000000000000000000e+00 0.000000000000000000e+00 1.000000000000000000e+00 0.000000000000000000e+00
-1.822818453718941523e-01 -9.832463215531583867e-01 0.000000000000000000e+00 -5.559725300000000203e+00 9.832463215531583867e-01 -1.822818453718941523e-01 0.000000000000000000e+00 6.168606300000000431e+00 0.000000000000000000e+00 0.000000000000000000e+00 1.000000000000000000e+00 0.000000000000000000e+00
-1.553704837312546438e-01 -9.878562713194242173e-01 0.000000000000000000e+00 -6.002169600000000216e+00 9.878562713194242173e-01 -1.553704837312546438e-01 0.000000000000000000e+00 6.008625000000000327e+00 0.000000000000000000e+00 0.000000000000000000e+00 1.000000000000000000e+00 0.000000000000000000e+00
-3.486100191202251009e-01 -9.372678670310832238e-01 0.000000000000000000e+00 -6.464965000000000295e+00 9.372678670310832238e-01 -3.486100191202251009e-01 0.000000000000000000e+00 5.985648000000000302e+00 0.000000000000000000e+00 0.000000000000000000e+00 1.000000000000000000e+00 0.000000000000000000e+00
-3.987496248158308165e-01 -9.170598326768184538e-01 0.000000000000000000e+00 -6.752843000000000373e+00 9.170598326768184538e-01 -3.987496248158308165e-01 0.000000000000000000e+00 6.014361000000000068e+00 0.000000000000000000e+00 0.000000000000000000e+00 1.000000000000000000e+00 0.000000000000000000e+00
-4.982252500825335995e-01 -8.670476343201662939e-01 0.000000000000000000e+00 -7.066148000000000096e+00 8.670476343201662939e-01 -4.982252500825335995e-01 0.000000000000000000e+00 5.770267500000000105e+00 0.000000000000000000e+00 0.000000000000000000e+00 1.000000000000000000e+00 0.000000000000000000e+00
-5.827641357895525509e-01 -8.126413489587247518e-01 0.000000000000000000e+00 -7.600634999999999586e+00 8.126413489587247518e-01 -5.827641357895525509e-01 0.000000000000000000e+00 5.697726199999999963e+00 0.000000000000000000e+00 0.000000000000000000e+00 1.000000000000000000e+00 0.000000000000000000e+00
-6.808287148085186979e-01 -7.324426674437943818e-01 0.000000000000000000e+00 -8.078061999999999188e+00 7.324426674437943818e-01 -6.808287148085186979e-01 0.000000000000000000e+00 5.381598499999999952e+00 0.000000000000000000e+00 0.000000000000000000e+00 1.000000000000000000e+00 0.000000000000000000e+00
-7.427645988787083819e-01 -6.695526496494144109e-01 0.000000000000000000e+00 -8.297923000000000826e+00 6.695526496494144109e-01 -7.427645988787083819e-01 0.000000000000000000e+00 5.070206599999999675e+00 0.000000000000000000e+00 0.000000000000000000e+00 1.000000000000000000e+00 0.000000000000000000e+00
-9.482580687794934793e-01 -3.175006062901069570e-01 0.000000000000000000e+00 -8.634706500000000062e+00 3.175006062901069570e-01 -9.482580687794934793e-01 0.000000000000000000e+00 4.664375299999999669e+00 0.000000000000000000e+00 0.000000000000000000e+00 1.000000000000000000e+00 0.000000000000000000e+00
-9.758810255721068749e-01 -2.183030552427816240e-01 0.000000000000000000e+00 -8.781297999999999604e+00 2.183030552427816240e-01 -9.758810255721068749e-01 0.000000000000000000e+00 4.314472000000000307e+00 0.000000000000000000e+00 0.000000000000000000e+00 1.000000000000000000e+00 0.000000000000000000e+00
1.526212145116785657e-01 -9.882847590047011410e-01 0.000000000000000000e+00 -8.674939000000000178e+00 9.882847590047011410e-01 1.526212145116785657e-01 0.000000000000000000e+00 4.406452999999999953e+00 0.000000000000000000e+00 0.000000000000000000e+00 1.000000000000000000e+00 0.000000000000000000e+00
-9.703770639703759304e-01 2.415954339805141959e-01 0.000000000000000000e+00 -8.592643999999999949e+00 -2.415954339805141959e-01 -9.703770639703759304e-01 0.000000000000000000e+00 4.022715599999999725e+00 0.000000000000000000e+00 0.000000000000000000e+00 1.000000000000000000e+00 0.000000000000000000e+00
-8.430140823795920779e-01 5.378914917617626523e-01 0.000000000000000000e+00 -8.522259999999999280e+00 -5.378914917617626523e-01 -8.430140823795920779e-01 0.000000000000000000e+00 3.670426099999999803e+00 0.000000000000000000e+00 0.000000000000000000e+00 1.000000000000000000e+00 0.000000000000000000e+00
-6.433375958553235741e-01 7.655826132816055951e-01 0.000000000000000000e+00 -8.246361999999999526e+00 -7.655826132816055951e-01 -6.433375958553235741e-01 0.000000000000000000e+00 3.258944699999999806e+00 0.000000000000000000e+00 0.000000000000000000e+00 1.000000000000000000e+00 0.000000000000000000e+00
-3.190525040358689890e-01 9.477370414141476074e-01 0.000000000000000000e+00 -7.804210999999999565e+00 -9.477370414141476074e-01 -3.190525040358689890e-01 0.000000000000000000e+00 3.062494800000000073e+00 0.000000000000000000e+00 0.000000000000000000e+00 1.000000000000000000e+00 0.000000000000000000e+00
-3.295400579741524644e-02 9.994568692554490763e-01 0.000000000000000000e+00 -7.312507000000000090e+00 -9.994568692554490763e-01 -3.295400579741524644e-02 0.000000000000000000e+00 3.144773700000000005e+00 0.000000000000000000e+00 0.000000000000000000e+00 1.000000000000000000e+00 0.000000000000000000e+00
1.423217281423508895e-01 9.898204512428376844e-01 0.000000000000000000e+00 -6.676376300000000263e+00 -9.898204512428376844e-01 1.423217281423508895e-01 0.000000000000000000e+00 3.163056099999999926e+00 0.000000000000000000e+00 0.000000000000000000e+00 1.000000000000000000e+00 0.000000000000000000e+00
3.775479454774727239e-01 9.259900371309289779e-01 0.000000000000000000e+00 -6.166817700000000180e+00 -9.259900371309289779e-01 3.775479454774727239e-01 0.000000000000000000e+00 3.335267800000000005e+00 0.000000000000000000e+00 0.000000000000000000e+00 1.000000000000000000e+00 0.000000000000000000e+00
6.623169569263992473e-01 7.492237640169685520e-01 0.000000000000000000e+00 -6.002671000000000312e+00 -7.492237640169685520e-01 6.623169569263992473e-01 0.000000000000000000e+00 3.653506300000000095e+00 0.000000000000000000e+00 0.000000000000000000e+00 1.000000000000000000e+00 0.000000000000000000e+00
8.800762914287562078e-01 4.748323085732551463e-01 0.000000000000000000e+00 -5.816249400000000236e+00 -4.748323085732551463e-01 8.800762914287562078e-01 0.000000000000000000e+00 4.108524000000000065e+00 0.000000000000000000e+00 0.000000000000000000e+00 1.000000000000000000e+00 0.000000000000000000e+00
-9.924304315687721978e-01 -1.228081369300120934e-01 0.000000000000000000e+00 -5.610948999999999742e+00 1.228081369300120934e-01 -9.924304315687721978e-01 0.000000000000000000e+00 4.524713000000000207e+00 0.000000000000000000e+00 0.000000000000000000e+00 1.000000000000000000e+00 0.000000000000000000e+00
-9.919754826356669275e-01 1.264303834121198178e-01 0.000000000000000000e+00 -5.744836300000000229e+00 -1.264303834121198178e-01 -9.919754826356669275e-01 0.000000000000000000e+00 5.216258999999999979e+00 0.000000000000000000e+00 0.000000000000000000e+00 1.000000000000000000e+00 0.000000000000000000e+00
-8.857457444767612431e-01 4.641707402899367674e-01 0.000000000000000000e+00 -5.984239600000000436e+00 -4.641707402899367674e-01 -8.857457444767612431e-01 0.000000000000000000e+00 5.621247300000000280e+00 0.000000000000000000e+00 0.000000000000000000e+00 1.000000000000000000e+00 0.000000000000000000e+00
-7.174581320686707064e-01 6.966016284279945570e-01 0.000000000000000000e+00 -6.139621299999999948e+00 -6.966016284279945570e-01 -7.174581320686707064e-01 0.000000000000000000e+00 6.126773400000000258e+00 0.000000000000000000e+00 0.000000000000000000e+00 1.000000000000000000e+00 0.000000000000000000e+00
-4.894561419224956467e-01 8.720279153412153761e-01 0.000000000000000000e+00 -6.463735599999999692e+00 -8.720279153412153761e-01 -4.894561419224956467e-01 0.000000000000000000e+00 6.340387999999999913e+00 0.000000000000000000e+00 0.000000000000000000e+00 1.000000000000000000e+00 0.000000000000000000e+00
-1.199521390357130429e-01 9.927796756283626678e-01 0.000000000000000000e+00 -6.972262999999999877e+00 -9.927796756283626678e-01 -1.199521390357130429e-01 0.000000000000000000e+00 6.534368999999999872e+00 0.000000000000000000e+00 0.000000000000000000e+00 1.000000000000000000e+00 0.000000000000000000e+00
1.616315579609916009e-01 9.868511739219356649e-01 0.000000000000000000e+00 -7.353287700000000093e+00 -9.868511739219356649e-01 1.616315579609916009e-01 0.000000000000000000e+00 6.634590600000000116e+00 0.000000000000000000e+00 0.000000000000000000e+00 1.000000000000000000e+00 0.000000000000000000e+00
6.639512320831556513e-01 7.477758764598250174e-01 0.000000000000000000e+00 -7.761726000000000347e+00 -7.477758764598250174e-01 6.639512320831556513e-01 0.000000000000000000e+00 6.490656000000000425e+00 0.000000000000000000e+00 0.000000000000000000e+00 1.000000000000000000e+00 0.000000000000000000e+00
8.635132905710357631e-01 5.043260820215250684e-01 0.000000000000000000e+00 -8.101516999999999413e+00 -5.043260820215250684e-01 8.635132905710357631e-01 0.000000000000000000e+00 6.262288599999999761e+00 0.000000000000000000e+00 0.000000000000000000e+00 1.000000000000000000e+00 0.000000000000000000e+00
9.474939530910375662e-01 3.197736838076559174e-01 0.000000000000000000e+00 -8.198821000000000581e+00 -3.197736838076559174e-01 9.474939530910375662e-01 0.000000000000000000e+00 5.908063399999999632e+00 0.000000000000000000e+00 0.000000000000000000e+00 1.000000000000000000e+00 0.000000000000000000e+00
9.996065900176345220e-01 2.804755235874819772e-02 0.000000000000000000e+00 -8.195698999999999401e+00 -2.804755235874819772e-02 9.996065900176345220e-01 0.000000000000000000e+00 5.928480999999999668e+00 0.000000000000000000e+00 0.000000000000000000e+00 1.000000000000000000e+00 0.000000000000000000e+00
9.987391906086666715e-01 5.019989185591259423e-02 0.000000000000000000e+00 -8.232279000000000124e+00 -5.019989185591259423e-02 9.987391906086666715e-01 0.000000000000000000e+00 5.416667499999999968e+00 0.000000000000000000e+00 0.000000000000000000e+00 1.000000000000000000e+00 0.000000000000000000e+00
9.940252531372013589e-01 -1.091503372671051714e-01 0.000000000000000000e+00 -8.310677999999999344e+00 1.091503372671051714e-01 9.940252531372013589e-01 0.000000000000000000e+00 4.896950200000000031e+00 0.000000000000000000e+00 0.000000000000000000e+00 1.000000000000000000e+00 0.000000000000000000e+00
9.566139907217551253e-01 -2.913583236418650357e-01 0.000000000000000000e+00 -8.215080999999999634e+00 2.913583236418650357e-01 9.566139907217551253e-01 0.000000000000000000e+00 4.392918599999999785e+00 0.000000000000000000e+00 0.000000000000000000e+00 1.000000000000000000e+00 0.000000000000000000e+00
9.127483463206249592e-01 -4.085222837116287420e-01 0.000000000000000000e+00 -8.103837999999999653e+00 4.085222837116287420e-01 9.127483463206249592e-01 0.000000000000000000e+00 3.996446000000000165e+00 0.000000000000000000e+00 0.000000000000000000e+00 1.000000000000000000e+00 0.000000000000000000e+00
8.533667678140923751e-01 -5.213110008339829626e-01 0.000000000000000000e+00 -7.862517399999999768e+00 5.213110008339829626e-01 8.533667678140923751e-01 0.000000000000000000e+00 3.464676100000000147e+00 0.000000000000000000e+00 0.000000000000000000e+00 1.000000000000000000e+00 0.000000000000000000e+00
8.762064199737814585e-01 -4.819360015569799649e-01 0.000000000000000000e+00 -7.538754499999999581e+00 4.819360015569799649e-01 8.762064199737814585e-01 0.000000000000000000e+00 2.932917400000000008e+00 0.000000000000000000e+00 0.000000000000000000e+00 1.000000000000000000e+00 0.000000000000000000e+00
8.434819993868432064e-01 -5.371574412687339928e-01 0.000000000000000000e+00 -7.133284999999999876e+00 5.371574412687339928e-01 8.434819993868432064e-01 0.000000000000000000e+00 2.353594999999999882e+00 0.000000000000000000e+00 0.000000000000000000e+00 1.000000000000000000e+00 0.000000000000000000e+00
7.833933346193446834e-01 -6.215262530850835798e-01 0.000000000000000000e+00 -6.882394999999999818e+00 6.215262530850835798e-01 7.833933346193446834e-01 0.000000000000000000e+00 1.992887999999999993e+00 0.000000000000000000e+00 0.000000000000000000e+00 1.000000000000000000e+00 0.000000000000000000e+00
6.529629507859147086e-01 -7.573898500118358967e-01 0.000000000000000000e+00 -6.518211400000000211e+00 7.573898500118358967e-01 6.529629507859147086e-01 0.000000000000000000e+00 1.559562700000000079e+00 0.000000000000000000e+00 0.000000000000000000e+00 1.000000000000000000e+00 0.000000000000000000e+00
6.889903570813883382e-01 -7.247705070219545576e-01 0.000000000000000000e+00 -6.057869400000000404e+00 7.247705070219545576e-01 6.889903570813883382e-01 0.000000000000000000e+00 1.128621099999999933e+00 0.000000000000000000e+00 0.000000000000000000e+00 1.000000000000000000e+00 0.000000000000000000e+00
7.450248714456211285e-01 -6.670366863429895155e-01 0.000000000000000000e+00 -5.686460000000000292e+00 6.670366863429895155e-01 7.450248714456211285e-01 0.000000000000000000e+00 8.675785000000000302e-01 0.000000000000000000e+00 0.000000000000000000e+00 1.000000000000000000e+00 0.000000000000000000e+00
7.283615838263362008e-01 -6.851929678608726926e-01 0.000000000000000000e+00 -5.352365500000000331e+00 6.851929678608726926e-01 7.283615838263362008e-01 0.000000000000000000e+00 4.203985000000000083e-01 0.000000000000000000e+00 0.000000000000000000e+00 1.000000000000000000e+00 0.000000000000000000e+00
6.260671487614728470e-01 -7.797691486854809728e-01 0.000000000000000000e+00 -5.026012399999999936e+00 7.797691486854809728e-01 6.260671487614728470e-01 0.000000000000000000e+00 1.360381200000000124e-01 0.000000000000000000e+00 0.000000000000000000e+00 1.000000000000000000e+00 0.000000000000000000e+00
5.560446657571410656e-01 -8.311524106221609420e-01 0.000000000000000000e+00 -4.541287999999999769e+00 8.311524106221609420e-01 5.560446657571410656e-01 0.000000000000000000e+00 -2.758035999999999821e-01 0.000000000000000000e+00 0.000000000000000000e+00 1.000000000000000000e+00 0.000000000000000000e+00
3.583049169967932879e-01 -9.336046199842420457e-01 0.000000000000000000e+00 -4.212516299999999880e+00 9.336046199842420457e-01 3.583049169967932879e-01 0.000000000000000000e+00 -7.385806000000000315e-01 0.000000000000000000e+00 0.000000000000000000e+00 1.000000000000000000e+00 0.000000000000000000e+00
4.135380407936478098e-01 -9.104868416493185901e-01 0.000000000000000000e+00 -3.693350300000000086e+00 9.104868416493185901e-01 4.135380407936478098e-01 0.000000000000000000e+00 -9.148541700000000221e-01 0.000000000000000000e+00 0.000000000000000000e+00 1.000000000000000000e+00 0.000000000000000000e+00
5.629021538893945742e-01 -8.265235417982238486e-01 0.000000000000000000e+00 -3.179990300000000047e+00 8.265235417982238486e-01 5.629021538893945742e-01 0.000000000000000000e+00 -1.113118899999999911e+00 0.000000000000000000e+00 0.000000000000000000e+00 1.000000000000000000e+00 0.000000000000000000e+00
4.702794716768294858e-01 -8.825175457289006209e-01 0.000000000000000000e+00 -2.588551300000000222e+00 8.825175457289006209e-01 4.702794716768294858e-01 0.000000000000000000e+00 -1.487892599999999899e+00 0.000000000000000000e+00 0.000000000000000000e+00 1.000000000000000000e+00 0.000000000000000000e+00
4.455166165579489412e-01 -8.952736700980084006e-01 0.000000000000000000e+00 -2.122069600000000111e+00 8.952736700980084006e-01 4.455166165579489412e-01 0.000000000000000000e+00 -1.517403099999999894e+00 0.000000000000000000e+00 0.000000000000000000e+00 1.000000000000000000e+00 0.000000000000000000e+00
3.318505596250023171e-01 -9.433319702398370588e-01 0.000000000000000000e+00 -2.144210600000000078e+00 9.433319702398370588e-01 3.318505596250023171e-01 0.000000000000000000e+00 -1.577096999999999971e+00 0.000000000000000000e+00 0.000000000000000000e+00 1.000000000000000000e+00 0.000000000000000000e+00
2.574674030843259187e-01 -9.662869844663195540e-01 0.000000000000000000e+00 -1.665534499999999918e+00 9.662869844663195540e-01 2.574674030843259187e-01 0.000000000000000000e+00 -1.645923500000000095e+00 0.000000000000000000e+00 0.000000000000000000e+00 1.000000000000000000e+00 0.000000000000000000e+00
1.288667606979098379e-01 -9.916619171810661104e-01 0.000000000000000000e+00 -1.269821799999999890e+00 9.916619171810661104e-01 1.288667606979098379e-01 0.000000000000000000e+00 -1.509241700000000019e+00 0.000000000000000000e+00 0.000000000000000000e+00 1.000000000000000000e+00 0.000000000000000000e+00
-5.766137288908824987e-02 -9.983361989212579113e-01 0.000000000000000000e+00 -8.329590000000000050e-01 9.983361989212579113e-01 -5.766137288908824987e-02 0.000000000000000000e+00 -1.376488300000000109e+00 0.000000000000000000e+00 0.000000000000000000e+00 1.000000000000000000e+00 0.000000000000000000e+00
-2.668873455047846566e-01 -9.637277337554469581e-01 0.000000000000000000e+00 -3.475189799999999773e-01 9.637277337554469581e-01 -2.668873455047846566e-01 0.000000000000000000e+00 -1.312211500000000086e+00 0.000000000000000000e+00 0.000000000000000000e+00 1.000000000000000000e+00 0.000000000000000000e+00
-4.173458375073921811e-01 -9.087477383274488174e-01 0.000000000000000000e+00 -1.139171939999999994e-01 9.087477383274488174e-01 -4.173458375073921811e-01 0.000000000000000000e+00 -1.040273500000000073e+00 0.000000000000000000e+00 0.000000000000000000e+00 1.000000000000000000e+00 0.000000000000000000e+00
-5.379222779530572485e-01 -8.429944382270820880e-01 0.000000000000000000e+00 1.650034800000000079e-01 8.429944382270820880e-01 -5.379222779530572485e-01 0.000000000000000000e+00 -7.989509000000000194e-01 0.000000000000000000e+00 0.000000000000000000e+00 1.000000000000000000e+00 0.000000000000000000e+00
-6.790591247865139790e-01 -7.340835817835552612e-01 0.000000000000000000e+00 4.224860999999999756e-01 7.340835817835552612e-01 -6.790591247865139790e-01 0.000000000000000000e+00 -6.338162000000000518e-01 0.000000000000000000e+00 0.000000000000000000e+00 1.000000000000000000e+00 0.000000000000000000e+00
-8.064477383499385477e-01 -5.913053739906893869e-01 0.000000000000000000e+00 6.591047599999999562e-01 5.913053739906893869e-01 -8.064477383499385477e-01 0.000000000000000000e+00 -2.499468900000000049e-01 0.000000000000000000e+00 0.000000000000000000e+00 1.000000000000000000e+00 0.000000000000000000e+00
-8.665320193727394926e-01 -4.991214876177965665e-01 0.000000000000000000e+00 8.802238999999999480e-01 4.991214876177965665e-01 -8.665320193727394926e-01 0.000000000000000000e+00 2.140937199999999943e-02 0.000000000000000000e+00 0.000000000000000000e+00 1.000000000000000000e+00 0.000000000000000000e+00
9.241242804344302897e-01 3.820920233550373912e-01 0.000000000000000000e+00 1.072454199999999913e+00 -3.820920233550373912e-01 9.241242804344302897e-01 0.000000000000000000e+00 4.525760400000000128e-01 0.000000000000000000e+00 0.000000000000000000e+00 1.000000000000000000e+00 0.000000000000000000e+00
9.529369133194888208e-01 3.031686646623047987e-01 0.000000000000000000e+00 1.146217999999999959e+00 -3.031686646623047987e-01 9.529369133194888208e-01 0.000000000000000000e+00 8.422202500000000036e-01 0.000000000000000000e+00 0.000000000000000000e+00 1.000000000000000000e+00 0.000000000000000000e+00
9.702568115482581579e-01 2.420779206045192422e-01 0.000000000000000000e+00 1.241521700000000061e+00 -2.420779206045192422e-01 9.702568115482581579e-01 0.000000000000000000e+00 1.298100199999999926e+00 0.000000000000000000e+00 0.000000000000000000e+00 1.000000000000000000e+00 0.000000000000000000e+00
9.943988292101424431e-01 1.056928023353431584e-01 0.000000000000000000e+00 1.307150000000000034e+00 -1.056928023353431584e-01 9.943988292101424431e-01 0.000000000000000000e+00 1.879219699999999937e+00 0.000000000000000000e+00 0.000000000000000000e+00 1.000000000000000000e+00 0.000000000000000000e+00
9.884272310427602015e-01 -1.516957775718951740e-01 0.000000000000000000e+00 1.219373599999999946e+00 1.516957775718951740e-01 9.884272310427602015e-01 0.000000000000000000e+00 2.124134000000000189e+00 0.000000000000000000e+00 0.000000000000000000e+00 1.000000000000000000e+00 0.000000000000000000e+00
9.505301660611572556e-01 -3.106322639516842510e-01 0.000000000000000000e+00 1.086929100000000092e+00 3.106322639516842510e-01 9.505301660611572556e-01 0.000000000000000000e+00 2.475007499999999805e+00 0.000000000000000000e+00 0.000000000000000000e+00 1.000000000000000000e+00 0.000000000000000000e+00
8.676711205797252857e-01 -4.971386391258717508e-01 0.000000000000000000e+00 7.040058000000000149e-01 4.971386391258717508e-01 8.676711205797252857e-01 0.000000000000000000e+00 2.919366099999999964e+00 0.000000000000000000e+00 0.000000000000000000e+00 1.000000000000000000e+00 0.000000000000000000e+00
8.268133587331003564e-01 -5.624763726775459105e-01 0.000000000000000000e+00 4.015705600000000208e-01 5.624763726775459105e-01 8.268133587331003564e-01 0.000000000000000000e+00 3.433294000000000068e+00 0.000000000000000000e+00 0.000000000000000000e+00 1.000000000000000000e+00 0.000000000000000000e+00
7.624847002890146053e-01 -6.470062455843619276e-01 0.000000000000000000e+00 3.032527600000000101e-01 6.470062455843619276e-01 7.624847002890146053e-01 0.000000000000000000e+00 3.672571200000000147e+00 0.000000000000000000e+00 0.000000000000000000e+00 1.000000000000000000e+00 0.000000000000000000e+00
-6.786258238597385750e-01 7.344841667392777440e-01 0.000000000000000000e+00 -1.743701699999999910e-01 -7.344841667392777440e-01 -6.786258238597385750e-01 0.000000000000000000e+00 3.934353799999999790e+00 0.000000000000000000e+00 0.000000000000000000e+00 1.000000000000000000e+00 0.000000000000000000e+00
